0.4927797317504883
0.7614283561706543
0.7350687980651855
0.5801074504852295
0.565671443939209
0.5354914665222168
0.04987478256225586
0.5786004066467285
0.5799903869628906
0.49187326431274414
0.5166387557983398
0.46526312828063965
0.5332107543945312
0.5045797824859619
0.6079697608947754
0.4848051071166992
0.4732043743133545
0.5127854347229004
0.5734584331512451
0.4557023048400879
0.569481611251831
0.5893700122833252
0.050504207611083984
0.5773801803588867
0.438431978225708
0.05112171173095703
0.45629429817199707
0.44872236251831055
0.4905838966369629
0.5550143718719482
0.49131059646606445
0.45952773094177246
0.5238022804260254
0.4616847038269043
0.5620560646057129
0.04995226860046387
0.48056602478027344
0.5255022048950195
0.49044275283813477
0.48273253440856934
0.04951024055480957
0.6293835639953613
0.45030927658081055
0.5559828281402588
0.5580184459686279
0.47827816009521484
0.5275745391845703
0.5197553634643555
0.04978370666503906
0.5233075618743896
0.527116060256958
0.4506063461303711
0.4747800827026367
0.49379396438598633
0.050203561782836914
0.43886542320251465
0.5561168193817139
0.44829654693603516
0.5575509071350098
0.6247572898864746
0.5357060432434082
0.4818112850189209
0.4984309673309326
0.511521577835083
0.4981544017791748
0.5270047187805176
0.425783634185791
0.05046200752258301
0.49735569953918457
0.46003270149230957
0.5825839042663574
0.4378085136413574
0.3713715076446533
0.4784860610961914
0.4850177764892578
0.04988384246826172
0.5296871662139893
0.6623232364654541
0.5147547721862793
0.5291941165924072
0.6128344535827637
0.5291948318481445
0.522874116897583
0.45865535736083984
0.5803360939025879
0.4763221740722656
0.5783333778381348
0.48588109016418457
0.5704309940338135
0.44480085372924805
0.47751379013061523
0.49825453758239746
0.5412681102752686
0.5830981731414795
0.513282299041748
0.6268136501312256
0.5395548343658447
0.4893310070037842
0.5231537818908691
0.049658775329589844
0.47544336318969727
0.04954838752746582
0.431276798248291
0.5602574348449707
0.475848913192749
0.4369480609893799
0.5402235984802246
0.04991888999938965
0.050100088119506836
0.5615510940551758
0.5765209197998047
0.4953160285949707
0.566502571105957
0.4379916191101074
0.5780105590820312
0.6281085014343262
0.5596396923065186
0.400463342666626
0.049878835678100586
0.5811655521392822
0.607882022857666
0.5345699787139893
0.4546654224395752
0.47886013984680176
0.050182342529296875
0.4934201240539551
0.4690120220184326
0.4585261344909668
0.5578694343566895
0.4760432243347168
0.04982161521911621
0.5270106792449951
0.47385597229003906
0.5174007415771484
0.4761962890625
0.5622310638427734
0.04944109916687012
0.4793558120727539
0.42881321907043457
0.47594165802001953
0.47083353996276855
0.6079175472259521
0.4911768436431885
0.5271649360656738
0.47796010971069336
0.4552168846130371
0.5400345325469971
0.5106065273284912
0.525606632232666
0.5800187587738037
0.05118250846862793
0.47434329986572266
0.4944794178009033
0.5778615474700928
0.6625525951385498
0.5257875919342041
0.4507255554199219
0.490433931350708
0.4702174663543701
0.6190023422241211
0.5576257705688477
0.48040056228637695
0.4681978225708008
0.45534396171569824
0.5322995185852051
0.5793187618255615
0.6265814304351807
0.54264235496521
0.4079606533050537
0.44847559928894043
0.05010342597961426
0.43897151947021484
0.5644185543060303
0.4957847595214844
0.488755464553833
0.49275851249694824
0.4530179500579834
0.5384213924407959
0.5265910625457764
0.6430509090423584
0.521146297454834
0.5893645286560059
0.522834300994873
0.6451210975646973
0.4416489601135254
0.4746663570404053
0.04969191551208496
0.4858052730560303
0.5594677925109863
0.5257596969604492
0.524616003036499
0.5114688873291016
0.6147708892822266
0.5261461734771729
0.0492701530456543
0.527310848236084
0.6282563209533691
0.052232980728149414
0.3941378593444824
0.5623915195465088
0.4801936149597168
0.5392496585845947
0.649301290512085
0.5123412609100342
0.5151050090789795
0.5580101013183594
0.519862174987793
0.5355517864227295
0.48258495330810547
0.5766518115997314
0.44289422035217285
0.05053830146789551
0.5578436851501465
0.509544849395752
0.5403330326080322
0.5427529811859131
0.5840036869049072
0.46881771087646484
0.6152546405792236
0.624941349029541
0.04983377456665039
0.6073155403137207
0.5215060710906982
0.46762537956237793
0.4729146957397461
0.6109194755554199
0.0498499870300293
0.5142850875854492
0.4544534683227539
0.4831080436706543
0.5223181247711182
0.4732062816619873
0.5125939846038818
0.48410630226135254
0.5688571929931641
0.4687480926513672
0.04997539520263672
0.5645031929016113
0.4823486804962158
0.4717850685119629
0.04996442794799805
0.5436117649078369
0.49558019638061523
0.538886547088623
0.4920530319213867
0.536400318145752
0.5169556140899658
0.4689140319824219
0.5334978103637695
0.4934728145599365
0.6050021648406982
0.47526073455810547
0.5262629985809326
0.5277602672576904
0.6159491539001465
0.5614473819732666
0.4704170227050781
0.5681281089782715
0.490567684173584
0.5323538780212402
0.47472310066223145
0.4507756233215332
0.5385029315948486
0.5347046852111816
0.541128396987915
0.580960750579834
0.6739377975463867
0.4674861431121826
0.05110979080200195
0.04987478256225586
0.530909538269043
0.5198497772216797
0.5407915115356445
0.48646998405456543
0.5768821239471436
0.4881553649902344
0.4854910373687744
0.48974061012268066
0.47487568855285645
0.5643863677978516
0.050789594650268555
0.5202815532684326
0.526188850402832
0.48516035079956055
0.5428676605224609
0.5445046424865723
0.49208617210388184
0.49126362800598145
0.4734342098236084
0.4691884517669678
0.565718412399292
0.5341589450836182
0.4492368698120117
0.573516845703125
0.5097150802612305
0.565544605255127
0.457136869430542
0.5177009105682373
0.49967026710510254
0.5281288623809814
0.5745513439178467
0.4805457592010498
0.5147781372070312
0.5154604911804199
0.617607593536377
0.4486653804779053
0.04962658882141113
0.04952359199523926
0.4904305934906006
0.5178964138031006
0.5763859748840332
0.4588956832885742
0.4692542552947998
0.05016732215881348
0.43172144889831543
0.52559494972229
0.04998588562011719
0.6321268081665039
0.4490325450897217
0.5467500686645508
0.4582953453063965
0.44654202461242676
0.47930240631103516
0.560737133026123
0.5175807476043701
0.4131588935852051
0.49574971199035645
0.5309906005859375
0.49210238456726074
0.6350760459899902
0.49403882026672363
0.4988985061645508
0.49369025230407715
0.5314445495605469
0.5718038082122803
0.573460578918457
0.5257160663604736
0.4969966411590576
0.4798297882080078
0.5241744518280029
0.5579142570495605
0.5372724533081055
0.4599640369415283
0.5067651271820068
0.5327322483062744
0.44589710235595703
0.4968276023864746
0.5733420848846436
0.5320873260498047
0.4407618045806885
0.5424878597259521
0.6473705768585205
0.5039205551147461
0.45435023307800293
0.5575337409973145
0.4745962619781494
0.4586014747619629
0.5009160041809082
0.49839234352111816
0.4925265312194824
0.05047440528869629
0.4483795166015625
0.5586559772491455
0.4713404178619385
0.586899995803833
0.4797976016998291
0.5589146614074707
0.6247665882110596
0.8147292137145996
0.5684812068939209
0.5201754570007324
0.45476818084716797
0.535536527633667
0.5406055450439453
0.47542810440063477
0.5225591659545898
0.4675116539001465
0.4802093505859375
0.049773216247558594
0.05081796646118164
0.6711945533752441
0.45941925048828125
0.4894733428955078
0.4987154006958008
0.5738406181335449
0.6225075721740723
0.5112471580505371
0.5395646095275879
0.4888577461242676
0.5194046497344971
0.497957706451416
0.4827425479888916
0.5568294525146484
0.5256638526916504
0.5436091423034668
0.553560733795166
0.5224044322967529
0.5380356311798096
0.5160510540008545
0.05040764808654785
0.6437857151031494
0.527141809463501
0.0506749153137207
0.5610854625701904
0.6448228359222412
0.5825953483581543
0.43422460556030273
0.49368715286254883
0.5853183269500732
0.5153930187225342
0.5424087047576904
0.5402920246124268
0.5390579700469971
0.6073896884918213
0.5281879901885986
0.5135698318481445
0.6660199165344238
0.5181658267974854
0.5279643535614014
0.5682322978973389
0.05016207695007324
0.48947978019714355
0.4786262512207031
0.5308420658111572
0.47383809089660645
0.45877718925476074
0.45137524604797363
0.5688107013702393
0.5780115127563477
0.5330889225006104
0.4787020683288574
0.49822306632995605
0.4993002414703369
0.46802186965942383
0.47603678703308105
0.43320679664611816
0.43350696563720703
0.5162920951843262
0.46236300468444824
0.5676052570343018
0.48125624656677246
0.7132859230041504
0.04969358444213867
0.7016127109527588
0.5166411399841309
0.5806643962860107
0.0500483512878418
0.5982370376586914
0.6896069049835205
0.45027995109558105
0.6952924728393555
0.4911327362060547
0.4961369037628174
0.42827892303466797
0.5221109390258789
0.4857177734375
0.4546663761138916
0.6752102375030518
0.45711469650268555
0.49364495277404785
0.6293060779571533
0.49054670333862305
0.541710615158081
0.5317084789276123
0.4880645275115967
0.4861927032470703
0.49185848236083984
0.5881876945495605
0.4935898780822754
0.4550764560699463
0.4537684917449951
0.49513816833496094
0.48674511909484863
0.6478486061096191
0.6053836345672607
0.6369738578796387
0.5372819900512695
0.4498786926269531
0.5424678325653076
0.5563654899597168
0.5194993019104004
0.5382888317108154
0.5131654739379883
0.6297533512115479
0.5750815868377686
0.5751409530639648
0.5381348133087158
0.5618588924407959
0.575171709060669
0.5619280338287354
0.4906883239746094
0.612877368927002
0.6546487808227539
0.5371260643005371
0.5611159801483154
0.5166671276092529
0.48387765884399414
0.05212068557739258
0.5427262783050537
0.5285964012145996
0.5911507606506348
0.5243444442749023
0.4905726909637451
0.049875736236572266
0.4852180480957031
0.5207319259643555
0.5697815418243408
0.5717408657073975
0.05016350746154785
0.5149698257446289
0.6606905460357666
0.5133190155029297
0.5426769256591797
0.4800248146057129
0.5225565433502197
0.5154988765716553
0.6116111278533936
0.5168046951293945
0.0511014461517334
0.05016970634460449
0.6370129585266113
0.5377120971679688
0.5298535823822021
0.05153322219848633
0.05088996887207031
0.05046701431274414
0.5595154762268066
0.5633034706115723
0.49007177352905273
0.5180513858795166
0.05227160453796387
0.05098724365234375
0.5650992393493652
0.05017352104187012
0.5778257846832275
0.4546172618865967
0.05050158500671387
0.049696922302246094
0.05010247230529785
0.05061531066894531
0.04972505569458008
0.04979538917541504
0.4066197872161865
0.49011826515197754
0.4777243137359619
0.45435667037963867
0.4850451946258545
0.04988741874694824
0.050386905670166016
0.05130481719970703
0.04986071586608887
0.04932379722595215
0.050253868103027344
0.4487318992614746
0.4301738739013672
0.5095784664154053
0.5764827728271484
0.47565150260925293
0.47986841201782227
0.4958794116973877
0.04999542236328125
0.4432189464569092
0.4452793598175049
0.47863101959228516
0.48982882499694824
0.049840688705444336
0.614689826965332
0.5230381488800049
0.050196170806884766
0.4724769592285156
0.04987812042236328
0.04956817626953125
0.6171274185180664
0.0499882698059082
0.43472933769226074
0.621720552444458
0.04987025260925293
0.0497739315032959
0.5357933044433594
0.049855709075927734
0.5553796291351318
0.5101053714752197
0.049952030181884766
0.528740406036377
0.05004692077636719
0.05107522010803223
0.05111956596374512
0.050821542739868164
0.0501856803894043
0.050264835357666016
0.5032789707183838
0.607750415802002
0.5198993682861328
0.050184011459350586
0.04971480369567871
0.48404765129089355
0.049326419830322266
0.4794285297393799
0.5139045715332031
0.050260066986083984
0.6367049217224121
0.544025182723999
0.6653468608856201
0.5193541049957275
0.4936513900756836
0.5688412189483643
0.5127348899841309
0.04973173141479492
0.47595643997192383
0.47596311569213867
0.5733461380004883
0.6632163524627686
0.619774341583252
0.7674133777618408
0.48815178871154785
0.049956560134887695
0.4824860095977783
0.05027198791503906
0.05013537406921387
0.05181169509887695
0.47620463371276855
0.4932234287261963
0.5738625526428223
0.45525550842285156
0.561417818069458
0.7002584934234619
0.5223743915557861
0.051103830337524414
0.5274460315704346
0.05027437210083008
0.05031156539916992
0.6290361881256104
0.5997607707977295
0.5173161029815674
0.05024456977844238
0.47643542289733887
0.04994702339172363
0.05107378959655762
0.5362014770507812
0.6248841285705566
0.5315523147583008
2.07596755027771
0.5254223346710205
0.48792195320129395
0.05010533332824707
0.5133907794952393
0.04962635040283203
0.04950881004333496
0.6416714191436768
0.5672087669372559
0.5826559066772461
0.4542124271392822
0.6181187629699707
0.4922449588775635
0.49541616439819336
0.5747261047363281
0.5267853736877441
0.496309757232666
0.5140047073364258
0.4555699825286865
0.4907419681549072
0.44353818893432617
0.479766845703125
0.44852709770202637
0.5794377326965332
0.4760417938232422
0.6533639430999756
0.45660996437072754
0.47015929222106934
0.48877596855163574
0.049796342849731445
0.48705220222473145
0.049768686294555664
0.48719072341918945
0.46889710426330566
0.4652533531188965
0.46529626846313477
0.495574951171875
0.4599614143371582
0.4911816120147705
0.5293819904327393
0.05202627182006836
0.049948692321777344
0.04999995231628418
0.515225887298584
0.5123507976531982
0.4981703758239746
0.4142920970916748
0.5293149948120117
0.5359671115875244
0.5164179801940918
0.5259029865264893
0.5591795444488525
0.49123334884643555
0.5170650482177734
0.5432443618774414
0.050136566162109375
0.48073887825012207
0.599949836730957
0.4998140335083008
0.47145843505859375
0.48489880561828613
0.04996991157531738
0.04995608329772949
0.050058603286743164
0.0497584342956543
0.5257666110992432
0.050496816635131836
0.049883127212524414
0.04985809326171875
0.45731472969055176
0.05002951622009277
0.44251036643981934
0.5292806625366211
0.5131099224090576
0.050241947174072266
0.050052642822265625
0.47370100021362305
0.4509706497192383
0.5698647499084473
0.481170654296875
0.5744853019714355
0.5840137004852295
0.605971097946167
0.5719058513641357
0.5616233348846436
0.559168815612793
0.5344703197479248
0.5173869132995605
0.05059385299682617
0.37172508239746094
0.5804605484008789
0.05049753189086914
0.050026893615722656
0.44789671897888184
0.5164334774017334
0.5133950710296631
0.49015212059020996
0.6472494602203369
0.3927907943725586
0.4942450523376465
0.6255016326904297
0.4572296142578125
0.4359111785888672
0.4580202102661133
0.4469337463378906
0.5155918598175049
0.05106616020202637
0.4870884418487549
0.529322624206543
0.04993557929992676
0.4390275478363037
0.4021933078765869
0.9273579120635986
0.5025753974914551
0.4905250072479248
0.6331648826599121
0.5613257884979248
0.5382716655731201
0.5401782989501953
0.49416351318359375
0.5001730918884277
0.5027565956115723
0.4974234104156494
0.4960293769836426
0.5206434726715088
0.4515359401702881
0.4791393280029297
0.4942457675933838
0.5819094181060791
0.4810793399810791
0.47281384468078613
0.45127058029174805
0.5453701019287109
0.05086016654968262
0.5367529392242432
0.534198522567749
0.04932236671447754
0.43173933029174805
0.4352095127105713
0.5395512580871582
0.48534417152404785
0.4279952049255371
0.4315521717071533
0.4360678195953369
0.43261122703552246
0.6291582584381104
0.4779181480407715
0.5163094997406006
0.539452314376831
0.5357325077056885
0.5294127464294434
0.5640091896057129
0.5721025466918945
0.5203211307525635
0.050055742263793945
0.5419096946716309
0.05033707618713379
0.49142909049987793
0.51705002784729
0.4940059185028076
0.5059719085693359
0.4971463680267334
0.47992682456970215
0.5597641468048096
0.5084450244903564
0.05013632774353027
0.4918358325958252
0.05043220520019531
0.5151898860931396
0.540367603302002
0.44112181663513184
0.4604818820953369
0.5289745330810547
0.4539029598236084
0.5198924541473389
0.4855351448059082
0.48001980781555176
0.5285673141479492
0.561267614364624
0.5304548740386963
0.4670751094818115
0.5000853538513184
0.558936357498169
0.4979088306427002
0.5388679504394531
0.5414750576019287
0.5243794918060303
0.4963679313659668
0.5005197525024414
0.44586849212646484
0.47657108306884766
0.49114036560058594
0.48670315742492676
0.49547624588012695
0.526827335357666
0.531442403793335
0.46831560134887695
0.5355041027069092
0.5076315402984619
0.04922294616699219
0.5420022010803223
0.5621569156646729
0.5833008289337158
0.525780439376831
0.5345604419708252
0.4877500534057617
0.05048346519470215
0.5595650672912598
0.520207405090332
0.5839970111846924
0.5375876426696777
0.60640549659729
0.5569279193878174
0.528247594833374
0.04992866516113281
0.5691554546356201
0.491070032119751
0.049703359603881836
0.0497431755065918
0.516101598739624
0.5141608715057373
0.049280643463134766
0.5157384872436523
0.04984593391418457
0.4978010654449463
0.5267000198364258
0.5197651386260986
0.4816727638244629
0.051151275634765625
0.050046682357788086
0.4885101318359375
0.6159875392913818
0.5596842765808105
0.5151698589324951
0.5249660015106201
0.5218431949615479
0.05045676231384277
0.5616753101348877
0.41484832763671875
0.4956674575805664
0.47525715827941895
0.5197176933288574
0.48808765411376953
0.5218832492828369
0.520453929901123
0.45678162574768066
0.0501863956451416
0.5339233875274658
0.4688568115234375
0.050373077392578125
0.516150712966919
0.5407650470733643
0.5171349048614502
0.5455570220947266
0.4802234172821045
0.05013084411621094
0.0503079891204834
0.05035543441772461
0.5771539211273193
0.5621786117553711
0.5382366180419922
0.48125338554382324
0.49027419090270996
0.050336599349975586
0.4966301918029785
0.05015897750854492
0.05021238327026367
0.6693422794342041
0.49010300636291504
0.5260860919952393
0.5062618255615234
0.050611019134521484
0.4470548629760742
0.05011487007141113
0.46909379959106445
0.47469019889831543
0.4524877071380615
0.4945638179779053
0.4987833499908447
0.5354881286621094
0.05017971992492676
0.04985404014587402
0.4785287380218506
0.5220773220062256
0.4757120609283447
0.4601709842681885
0.4953179359436035
0.45645594596862793
0.7527387142181396
0.47924351692199707
0.5632514953613281
0.44504761695861816
0.4812030792236328
0.4840357303619385
0.516434907913208
0.48083996772766113
0.5200157165527344
0.5258326530456543
0.5364863872528076
0.05118393898010254
0.050115108489990234
0.5251455307006836
0.6372685432434082
0.5264701843261719
0.4894077777862549
0.4733283519744873
0.05052328109741211
0.05016183853149414
0.050106048583984375
0.47493696212768555
0.5436480045318604
0.5754971504211426
0.04979228973388672
0.5270731449127197
0.49494385719299316
0.5189993381500244
0.5078690052032471
0.5234713554382324
0.5285282135009766
0.050748348236083984
0.6156785488128662
0.5326101779937744
0.4857473373413086
0.5414021015167236
0.5356693267822266
0.4345550537109375
0.4972684383392334
0.537388801574707
0.5682783126831055
0.6330373287200928
0.0498044490814209
0.5772650241851807
0.6523103713989258
0.533867597579956
0.580162763595581
0.530846357345581
0.5661232471466064
0.4543912410736084
0.050110816955566406
0.4437522888183594
0.0502781867980957
0.48180317878723145
0.04979562759399414
0.050203800201416016
0.050528526306152344
0.546837568283081
0.6377041339874268
0.5416417121887207
0.47479724884033203
0.5209746360778809
0.5003197193145752
0.5396585464477539
0.5201454162597656
0.5400707721710205
0.5462098121643066
0.5435731410980225
0.050017595291137695
0.5261704921722412
0.4905421733856201
0.4948618412017822
0.4827268123626709
0.45678091049194336
0.524071216583252
0.5206887722015381
0.6041960716247559
0.5118770599365234
0.4596211910247803
0.49455738067626953
0.5694501399993896
0.5763347148895264
0.0503392219543457
0.5358002185821533
0.4967219829559326
0.05002570152282715
0.5624208450317383
0.049814701080322266
0.0496213436126709
0.05003833770751953
0.5212624073028564
0.5369822978973389
0.5415909290313721
0.4950706958770752
0.5213282108306885
0.5370337963104248
0.451357364654541
0.45929503440856934
0.049916744232177734
0.4762742519378662
0.4885590076446533
0.5262346267700195
0.5415503978729248
0.5470542907714844
0.05049705505371094
0.5424325466156006
0.0504457950592041
0.05025076866149902
0.05108642578125
0.536475658416748
0.6185872554779053
0.5203230381011963
0.5705573558807373
0.6101078987121582
0.5603339672088623
0.4779665470123291
0.5377445220947266
0.5042300224304199
0.5175895690917969
0.5247035026550293
0.05042314529418945
0.4692966938018799
0.47947168350219727
0.5164918899536133
0.7421483993530273
0.04995155334472656
0.05000948905944824
0.04985332489013672
0.05004477500915527
0.0498964786529541
0.44728779792785645
0.5294013023376465
0.05012845993041992
0.05036020278930664
0.04988288879394531
0.04986977577209473
0.0498194694519043
0.05009055137634277
0.049971580505371094
0.04971027374267578
0.47593212127685547
0.04988861083984375
0.049398183822631836
0.44904518127441406
0.4960672855377197
0.04962873458862305
0.04963493347167969
0.049831390380859375
0.04986453056335449
0.05083513259887695
0.04971170425415039
0.049828290939331055
0.485457181930542
0.479107141494751
0.5378036499023438
0.5775144100189209
0.4777565002441406
0.05010867118835449
0.5283291339874268
0.4916243553161621
0.5268521308898926
0.47755932807922363
0.48816490173339844
0.5045554637908936
0.438091516494751
0.48712873458862305
0.4766509532928467
0.48142528533935547
0.45141148567199707
0.050321340560913086
0.0512998104095459
0.49982666969299316
0.4889037609100342
0.5443942546844482
0.050169944763183594
0.5263755321502686
0.5304317474365234
0.05057024955749512
0.4352731704711914
0.5341236591339111
0.526094913482666
0.6064090728759766
0.5323688983917236
0.5225939750671387
0.04970073699951172
0.050424814224243164
0.46251893043518066
0.5354106426239014
0.5015976428985596
0.580235481262207
0.5783514976501465
0.5810642242431641
0.4757204055786133
0.5337698459625244
0.5731978416442871
0.5286836624145508
0.5224189758300781
0.5132992267608643
0.6396524906158447
0.5145330429077148
0.05032849311828613
0.6281416416168213
0.5317771434783936
0.4714393615722656
0.5432806015014648
0.4794466495513916
0.5131270885467529
0.5424954891204834
0.5027375221252441
0.5373296737670898
0.6552984714508057
0.5618038177490234
0.5470688343048096
0.6393740177154541
0.6201615333557129
0.5669739246368408
0.5159070491790771
0.48545241355895996
0.48105335235595703
0.4389340877532959
0.3915376663208008
0.49814438819885254
0.4617190361022949
0.4317340850830078
0.43506884574890137
0.4948081970214844
0.49730944633483887
0.52756667137146
0.5399699211120605
0.5244460105895996
0.49939393997192383
0.4569106101989746
0.48789238929748535
0.5223853588104248
0.4989645481109619
0.5408930778503418
0.5659396648406982
0.5420308113098145
0.5807092189788818
0.49485230445861816
0.049994468688964844
0.5195600986480713
0.4596593379974365
0.05002403259277344
0.523385763168335
0.632824182510376
0.5813083648681641
0.4278285503387451
0.5833251476287842
0.5794045925140381
0.530780553817749
0.049913883209228516
0.4912137985229492
0.49573373794555664
0.05088663101196289
0.6426215171813965
0.5451562404632568
0.5372180938720703
0.5657410621643066
0.6318657398223877
0.5146968364715576
0.47473931312561035
0.4323697090148926
0.4717988967895508
0.4931004047393799
0.5597503185272217
0.5615146160125732
0.40160131454467773
0.4709503650665283
0.4406745433807373
0.3917202949523926
0.4890177249908447
0.44973134994506836
0.39392685890197754
0.4976387023925781
0.4600646495819092
0.47718024253845215
0.44525575637817383
0.36588120460510254
0.5410833358764648
0.4452555179595947
0.3944270610809326
0.5227384567260742
0.5569703578948975
0.47506165504455566
0.48128843307495117
0.46167778968811035
0.4328768253326416
0.3659093379974365
0.40393757820129395
0.49907374382019043
0.050385236740112305
0.3559603691101074
0.3925034999847412
0.4019913673400879
0.5016415119171143
0.05022263526916504
0.4618346691131592
0.5814628601074219
0.4524683952331543
0.05067086219787598
0.5075430870056152
0.6210494041442871
0.5488169193267822
0.05191397666931152
0.4629344940185547
0.4566154479980469
0.45444440841674805
0.4333765506744385
0.5426781177520752
0.4541285037994385
0.48743128776550293
0.4723696708679199
0.40376782417297363
0.3964064121246338
0.49283456802368164
0.4736449718475342
0.4948303699493408
0.42735767364501953
0.050609588623046875
0.6603124141693115
0.4453418254852295
0.05029606819152832
0.4909508228302002
0.5276088714599609
0.5982913970947266
0.6227424144744873
0.48250627517700195
0.49196290969848633
0.43868303298950195
0.4959542751312256
0.43557143211364746
0.488558292388916
0.5239818096160889
0.4573369026184082
0.44378209114074707
0.5693812370300293
0.4494662284851074
0.5433485507965088
0.49393439292907715
0.44937777519226074
0.5569534301757812
0.49605226516723633
0.47327709197998047
0.5366551876068115
0.5352106094360352
0.5590510368347168
0.45189905166625977
0.7970423698425293
0.4874541759490967
0.613166093826294
0.5189559459686279
0.47260212898254395
0.49013853073120117
0.5655338764190674
0.44328761100769043
0.4903440475463867
0.5691545009613037
0.0490875244140625
0.49961185455322266
0.5795292854309082
0.525702953338623
0.47288084030151367
0.5363073348999023
0.5046613216400146
0.5222454071044922
0.47650766372680664
0.46341466903686523
0.48422765731811523
0.45924901962280273
0.05012011528015137
0.67146897315979
0.6577863693237305
0.6355118751525879
0.44478273391723633
0.4891519546508789
0.5263774394989014
0.45711708068847656
0.5325846672058105
0.5269172191619873
0.48210811614990234
0.47519707679748535
0.49225401878356934
0.4887840747833252
0.5109171867370605
0.5373368263244629
0.5553512573242188
0.5331671237945557
0.5177412033081055
0.4999563694000244
0.4916505813598633
0.48323607444763184
0.5208694934844971
0.48004984855651855
0.4574887752532959
0.04911327362060547
0.5644481182098389
0.6335954666137695
0.5133392810821533
0.5389289855957031
0.519315242767334
0.5396783351898193
0.4935903549194336
0.5444638729095459
0.5317122936248779
0.5890066623687744
0.5211548805236816
0.4587819576263428
0.5446865558624268
0.5316073894500732
0.5614540576934814
0.5666565895080566
0.47933340072631836
0.41503238677978516
0.5609798431396484
0.45343708992004395
0.4937458038330078
0.45015621185302734
0.531437873840332
0.4962649345397949
0.4831886291503906
0.4579906463623047
0.6556291580200195
0.517967700958252
0.5616707801818848
0.6668660640716553
0.632087230682373
0.5426321029663086
0.6378490924835205
0.8567831516265869
0.5138201713562012
0.5395307540893555
0.5750761032104492
0.4795553684234619
0.4683341979980469
0.5045111179351807
0.5205464363098145
0.4022703170776367
0.43767881393432617
0.05046486854553223
0.5369961261749268
0.05024242401123047
0.5189187526702881
0.5600261688232422
0.4548201560974121
0.6651639938354492
0.4997086524963379
0.6436913013458252
0.4570002555847168
0.5435209274291992
0.582000732421875
0.4911489486694336
0.40763044357299805
0.4012947082519531
0.5704619884490967
0.49782586097717285
0.5774245262145996
0.524409294128418
0.5723292827606201
0.7777025699615479
0.6318435668945312
0.5252478122711182
0.049520015716552734
0.43746471405029297
0.49709105491638184
0.527069091796875
0.47756147384643555
0.5257611274719238
0.6235635280609131
0.05090212821960449
0.05046510696411133
0.5793731212615967
0.532158374786377
0.4803309440612793
0.05013608932495117
0.05028843879699707
0.4524569511413574
0.43773794174194336
0.4986269474029541
0.4953947067260742
0.5268230438232422
0.44279003143310547
0.5590767860412598
0.5316481590270996
0.48996973037719727
0.522977352142334
0.48143601417541504
0.4800894260406494
0.04996633529663086
0.5286068916320801
0.5679769515991211
0.04997420310974121
0.47805333137512207
0.526665449142456
0.5272572040557861
0.5778796672821045
0.4882016181945801
0.5247423648834229
0.518643856048584
0.4748687744140625
0.4721977710723877
0.5217587947845459
0.5297806262969971
0.47211241722106934
0.47947192192077637
0.5762579441070557
0.43169164657592773
0.5383012294769287
0.542630672454834
0.47620201110839844
0.5239698886871338
0.44309234619140625
0.5900008678436279
0.0504457950592041
0.5628683567047119
0.4745950698852539
0.05019998550415039
0.4733846187591553
0.050072669982910156
0.47917985916137695
0.04988217353820801
0.5439929962158203
0.4537529945373535
0.6114497184753418
0.04990744590759277
0.5153288841247559
0.05022072792053223
0.49456310272216797
0.4903116226196289
0.5270142555236816
0.5634989738464355
0.4693779945373535
0.5262575149536133
0.050127267837524414
0.536177396774292
0.47539281845092773
0.45894360542297363
0.050263166427612305
0.4782588481903076
0.4580357074737549
0.4991483688354492
0.5687875747680664
0.5658626556396484
0.5396223068237305
0.4928750991821289
0.7101213932037354
0.651339054107666
0.6458871364593506
0.6358423233032227
0.5668015480041504
0.6090798377990723
0.5754530429840088
0.5628509521484375
0.48545265197753906
0.48206281661987305
0.4613029956817627
0.4438350200653076
0.6257736682891846
0.5679616928100586
0.484821081161499
0.47890138626098633
0.05037665367126465
0.4522254467010498
0.49259519577026367
0.4243793487548828
0.4539783000946045
0.050000667572021484
0.5237240791320801
0.5661492347717285
0.47908759117126465
0.5195333957672119
0.05002403259277344
0.05051064491271973
0.5307362079620361
0.4409658908843994
0.495342493057251
0.5335245132446289
0.5264661312103271
0.5280213356018066
0.5920600891113281
0.4824495315551758
0.4542667865753174
0.5276618003845215
0.5229270458221436
0.4887819290161133
0.4320242404937744
0.5351827144622803
0.5379133224487305
0.5440919399261475
0.5253112316131592
0.5651485919952393
0.538416862487793
0.45412755012512207
0.47934985160827637
0.488750696182251
0.4361574649810791
0.54945969581604
0.49771666526794434
0.4140024185180664
0.5368115901947021
0.4804575443267822
0.568960428237915
0.48293256759643555
0.6278810501098633
0.050100088119506836
0.5627679824829102
0.4554736614227295
0.5666763782501221
0.4560539722442627
0.4973573684692383
0.48432493209838867
0.5397419929504395
0.43423891067504883
0.568065881729126
0.5269532203674316
0.45766162872314453
0.49266719818115234
0.5644547939300537
0.4740018844604492
0.48758959770202637
0.45871710777282715
0.4331517219543457
0.503000020980835
0.4893169403076172
0.4594388008117676
0.49051904678344727
0.5639700889587402
0.05136585235595703
0.49043869972229004
0.44719886779785156
0.49816060066223145
0.4410436153411865
0.48795413970947266
0.477858304977417
0.6318979263305664
0.629788875579834
0.7548046112060547
0.521080732345581
0.4430081844329834
0.48235082626342773
0.5370652675628662
0.5010449886322021
0.4732086658477783
0.49764418601989746
0.4924321174621582
0.5226743221282959
0.5228347778320312
0.498471736907959
0.5346455574035645
0.5003805160522461
0.5245623588562012
0.5224237442016602
0.5645771026611328
0.5625693798065186
0.6363561153411865
0.5019619464874268
0.6584439277648926
0.5405550003051758
0.5435473918914795
0.4859738349914551
0.5391287803649902
0.6273674964904785
0.5317623615264893
0.49625730514526367
0.5252015590667725
0.547687292098999
0.5284914970397949
0.5153417587280273
0.480989933013916
0.4751152992248535
0.472564697265625
0.48401856422424316
0.42884087562561035
0.050745487213134766
0.5872068405151367
0.4559032917022705
0.5145046710968018
0.6277434825897217
0.49420809745788574
0.540233850479126
0.5017662048339844
0.5268833637237549
0.5662107467651367
0.4599733352661133
0.4960947036743164
0.5160312652587891
0.49535369873046875
0.4536104202270508
0.5434775352478027
0.5304372310638428
0.48384833335876465
0.48162126541137695
0.4379384517669678
0.4936866760253906
0.5278620719909668
0.4690847396850586
0.5155618190765381
0.5341801643371582
0.48561620712280273
0.5246286392211914
0.5363016128540039
0.4842214584350586
0.49900388717651367
0.46961522102355957
0.49558472633361816
0.4547240734100342
0.5321383476257324
0.5397377014160156
0.5310115814208984
0.5001587867736816
0.48093414306640625
0.6223132610321045
0.5204689502716064
0.5399878025054932
0.4900650978088379
0.4739112854003906
0.499314546585083
0.4866342544555664
0.40181612968444824
0.4999430179595947
0.5345170497894287
0.4857618808746338
0.521578311920166
0.44104814529418945
0.5324468612670898
0.5768406391143799
0.525261402130127
0.455233097076416
0.5422976016998291
0.4929194450378418
0.5669567584991455
0.5355930328369141
0.6096117496490479
0.5273325443267822
0.5267956256866455
0.6310951709747314
0.6143007278442383
0.4976813793182373
0.5480921268463135
0.5876636505126953
0.477031946182251
0.5649058818817139
0.5173757076263428
0.6134343147277832
0.500657320022583
0.5176770687103271
0.35554981231689453
0.4843149185180664
0.457256555557251
0.48360419273376465
0.4604756832122803
0.48466062545776367
0.04994916915893555
0.557680606842041
0.49338865280151367
0.8311829566955566
0.9430379867553711
0.7638587951660156
0.8957579135894775
0.9507167339324951
0.5829229354858398
0.5178389549255371
0.48352932929992676
0.4791224002838135
0.4279906749725342
0.5165207386016846
0.5337629318237305
0.49619245529174805
0.5790469646453857
0.4863123893737793
0.4805948734283447
0.4770503044128418
0.5179998874664307
0.4547712802886963
0.5211794376373291
0.521639347076416
0.4743633270263672
0.4537379741668701
0.48040008544921875
0.5320110321044922
0.4795691967010498
0.5256943702697754
0.5354623794555664
0.5287435054779053
0.4894587993621826
0.04973316192626953
0.5368187427520752
0.5362305641174316
0.46077513694763184
0.0498197078704834
0.04995417594909668
0.4912092685699463
0.4898381233215332
0.45008349418640137
0.04948568344116211
0.5719859600067139
0.479250431060791
0.5367367267608643
0.42313075065612793
0.5361130237579346
0.49591684341430664
0.0503993034362793
0.4945719242095947
0.5463302135467529
0.6347029209136963
0.5902483463287354
0.523155689239502
0.5406994819641113
0.6266293525695801
0.492175817489624
0.5437972545623779
0.6089696884155273
0.4830434322357178
0.47072768211364746
0.48000144958496094
0.6498918533325195
0.5378079414367676
0.5329427719116211
0.48615407943725586
0.5202527046203613
0.46494174003601074
0.5239851474761963
0.5339677333831787
0.4867851734161377
0.4876275062561035
0.4514908790588379
0.4954512119293213
0.539111852645874
0.5173132419586182
0.6116185188293457
0.4809989929199219
0.45877575874328613
0.7749183177947998
0.5370960235595703
0.5341796875
0.6567106246948242
0.051596879959106445
0.4752931594848633
0.46910738945007324
0.48127198219299316
0.47300148010253906
0.44388270378112793
0.04952192306518555
0.4109034538269043
0.05075335502624512
0.5201435089111328
0.5174028873443604
0.47984790802001953
0.4997262954711914
0.5697259902954102
0.04994368553161621
0.04987788200378418
0.05063891410827637
0.4780888557434082
0.519294023513794
0.5404443740844727
0.4580824375152588
0.5139365196228027
0.5358738899230957
0.4903740882873535
0.4377255439758301
0.5432069301605225
0.04972529411315918
0.5867173671722412
0.05089879035949707
0.3979012966156006
0.7113895416259766
0.6190931797027588
0.5701541900634766
0.47893643379211426
0.4952583312988281
0.5333287715911865
0.5147359371185303
0.49339723587036133
0.5318851470947266
0.5885326862335205
0.5720336437225342
0.582036018371582
0.5417754650115967
0.05128026008605957
0.6652185916900635
0.5614724159240723
0.6361792087554932
0.5797929763793945
0.4877915382385254
0.5665955543518066
0.5262041091918945
0.47171640396118164
0.4625692367553711
0.5117077827453613
0.5289230346679688
0.5313453674316406
0.48684215545654297
0.5328619480133057
0.5301668643951416
0.5244121551513672
0.5214817523956299
0.49266672134399414
0.47879743576049805
0.5245413780212402
0.5340671539306641
0.5284740924835205
0.49950647354125977
0.4610428810119629
0.4574434757232666
0.05001115798950195
0.5712554454803467
0.5666148662567139
0.5426731109619141
0.43178439140319824
0.6530106067657471
0.609870195388794
0.48691868782043457
0.5244812965393066
0.05105733871459961
0.48696041107177734
0.5079972743988037
0.48474836349487305
0.547126054763794
0.4861760139465332
0.4934377670288086
0.5131103992462158
0.04986000061035156
0.049985647201538086
0.411531925201416
0.5248794555664062
0.49383068084716797
0.4078402519226074
0.4535529613494873
0.4839308261871338
0.4867391586303711
0.05099010467529297
0.4544651508331299
0.5427916049957275
0.557894229888916
0.5683691501617432
0.05043601989746094
0.4875788688659668
0.5284106731414795
0.04973959922790527
0.5453855991363525
0.622997522354126
0.04994940757751465
0.4771549701690674
0.4806022644042969
0.5853991508483887
0.4879429340362549
0.4543190002441406
0.5287067890167236
0.5248143672943115
0.4918391704559326
0.5162897109985352
0.48150634765625
0.5148053169250488
0.05014300346374512
0.05014204978942871
0.48552441596984863
0.5432724952697754
0.5430164337158203
0.515636682510376
0.5776717662811279
0.3714873790740967
0.612494945526123
0.48079729080200195
0.5282554626464844
0.051183462142944336
0.050180673599243164
0.47161316871643066
0.543830156326294
0.5754826068878174
0.4847991466522217
0.4813117980957031
0.543403148651123
0.4788060188293457
0.4519522190093994
0.4425475597381592
0.6577718257904053
0.6655511856079102
0.6647305488586426
0.5649118423461914
0.5403618812561035
0.04969644546508789
0.48408031463623047
0.44714999198913574
0.5892057418823242
0.4588773250579834
0.5329437255859375
0.47509145736694336
0.04973888397216797
0.4914555549621582
0.5291216373443604
0.5837030410766602
0.49057960510253906
0.6363134384155273
0.5053167343139648
0.5302855968475342
0.05021977424621582
0.47924160957336426
0.5222482681274414
0.478130578994751
0.4939761161804199
0.049924373626708984
0.049677371978759766
0.5424635410308838
0.5195639133453369
0.5454921722412109
0.5401732921600342
0.6434311866760254
0.0512087345123291
0.6348531246185303
0.585127592086792
0.5308647155761719
0.5279414653778076
0.48887133598327637
0.5340116024017334
0.05085563659667969
0.4859001636505127
0.050755977630615234
0.5244183540344238
0.5240368843078613
0.4290595054626465
0.49033451080322266
0.5722887516021729
0.47179579734802246
0.519627571105957
0.4918334484100342
0.5709304809570312
0.049753665924072266
0.5250794887542725
0.5641942024230957
0.5242903232574463
0.5176632404327393
0.5449998378753662
0.45371079444885254
0.572345495223999
0.49924254417419434
0.05146479606628418
0.5250585079193115
0.49411845207214355
0.48786187171936035
0.5444986820220947
0.4974799156188965
0.44995903968811035
0.4995434284210205
0.46086573600769043
0.49217939376831055
0.0499730110168457
0.5331995487213135
0.4874117374420166
0.5426559448242188
0.4922635555267334
0.4505929946899414
0.46042561531066895
0.48184704780578613
0.050125837326049805
0.5216500759124756
0.5354416370391846
0.6296038627624512
0.5143194198608398
0.4977407455444336
0.5202906131744385
0.4882664680480957
0.4497349262237549
0.5585722923278809
0.5293729305267334
0.514829158782959
0.05098462104797363
0.4557960033416748
0.6670172214508057
0.5704798698425293
0.576892614364624
0.5245072841644287
0.5632269382476807
0.5597784519195557
0.6357090473175049
0.5365622043609619
0.5724582672119141
0.5244901180267334
0.56593918800354
0.6269454956054688
0.5752825736999512
0.05098080635070801
0.5766031742095947
0.5429067611694336
0.5192081928253174
0.49418091773986816
0.5373003482818604
0.5301587581634521
0.5195519924163818
0.5313239097595215
0.5858771800994873
0.6171951293945312
0.5226650238037109
0.6183028221130371
0.6356699466705322
0.6218135356903076
0.5400323867797852
0.5183801651000977
0.638007640838623
0.5712714195251465
0.5363314151763916
0.5233986377716064
0.6532101631164551
0.4704875946044922
0.5328483581542969
0.5617513656616211
0.5213408470153809
0.48825907707214355
0.46177077293395996
0.47266054153442383
0.5451679229736328
0.4315781593322754
0.4796876907348633
0.04988217353820801
0.5699357986450195
0.5765557289123535
0.049780845642089844
0.0496978759765625
0.47901415824890137
0.05009937286376953
0.049978017807006836
0.4766569137573242
0.5153641700744629
0.5790135860443115
0.5167627334594727
0.4978816509246826
0.4837803840637207
0.5213019847869873
0.4630002975463867
0.5692880153656006
0.7268285751342773
0.4481942653656006
0.49835920333862305
0.5303504467010498
0.049994707107543945
0.5583209991455078
0.43231964111328125
0.49730730056762695
0.049816131591796875
0.47707462310791016
0.45188236236572266
0.471904993057251
0.442685604095459
0.4764580726623535
0.4432060718536377
0.42057347297668457
0.5378639698028564
0.04993796348571777
0.5309469699859619
0.04975700378417969
0.5640783309936523
0.6289949417114258
0.5793709754943848
0.569812536239624
0.05002713203430176
0.04964900016784668
0.049861907958984375
0.4444618225097656
0.617896556854248
0.6349959373474121
0.5189492702484131
0.529155969619751
0.5117731094360352
0.5315470695495605
0.512481689453125
0.49057817459106445
0.5017821788787842
0.5379786491394043
0.612868070602417
0.4884607791900635
0.48970508575439453
0.04961037635803223
0.5398097038269043
0.5310947895050049
0.4875144958496094
0.45609140396118164
0.5184624195098877
0.5252718925476074
0.4273509979248047
0.54510498046875
0.04974627494812012
0.5151634216308594
0.5381548404693604
0.5238335132598877
0.4924032688140869
0.5165469646453857
0.5298938751220703
0.5432333946228027
0.4915151596069336
0.5718224048614502
0.5368313789367676
0.5599110126495361
0.5750753879547119
0.4790160655975342
0.5608587265014648
0.4773375988006592
0.5404925346374512
0.4877293109893799
0.5411827564239502
0.5444068908691406
0.5220913887023926
0.6519126892089844
0.563575267791748
0.5391814708709717
0.5392141342163086
0.5663018226623535
0.5325119495391846
0.04994821548461914
0.49837589263916016
0.5168049335479736
0.5350935459136963
0.5684540271759033
0.5903174877166748
0.49638843536376953
0.6329693794250488
0.5803403854370117
0.5559499263763428
0.49216318130493164
0.5192761421203613
0.489962100982666
0.4766530990600586
0.4866964817047119
0.4751312732696533
0.5131888389587402
0.4890604019165039
0.567272424697876
0.5271298885345459
0.04996037483215332
0.6140861511230469
0.48215341567993164
0.4696671962738037
0.4587588310241699
0.5213634967803955
0.45009636878967285
0.45156216621398926
0.6270301342010498
0.5323069095611572
0.4867072105407715
0.532048225402832
0.5628647804260254
0.5025923252105713
0.5162045955657959
0.5284905433654785
0.4771695137023926
0.5276343822479248
0.4587442874908447
0.45278143882751465
0.5026395320892334
0.44609975814819336
0.48186540603637695
0.48743653297424316
0.49631690979003906
0.570763111114502
0.6365687847137451
0.5719900131225586
0.5277717113494873
0.049962520599365234
0.05019879341125488
0.5111429691314697
0.5562136173248291
0.5757646560668945
0.6459627151489258
0.5307192802429199
0.5004274845123291
0.49150586128234863
0.6087360382080078
0.5907220840454102
0.5626847743988037
0.4744737148284912
0.5240936279296875
0.4967367649078369
0.049772024154663086
0.5628230571746826
0.6301946640014648
0.5463566780090332
0.5208470821380615
0.5647537708282471
0.5365400314331055
0.5212209224700928
0.528372049331665
0.5368838310241699
0.5275230407714844
0.5675692558288574
0.5213415622711182
0.6618351936340332
0.5339181423187256
0.5309855937957764
0.5701687335968018
0.49979662895202637
0.5291101932525635
0.5337271690368652
0.45374131202697754
0.5310282707214355
0.5261197090148926
0.5915040969848633
0.5278685092926025
0.5306665897369385
0.4544501304626465
0.49306535720825195
0.527116060256958
0.49180102348327637
0.5211083889007568
0.4929337501525879
0.47361326217651367
0.4926290512084961
0.563323974609375
0.5605192184448242
0.5355901718139648
0.4088156223297119
0.45364832878112793
0.5319585800170898
0.5034341812133789
0.45999741554260254
0.48590779304504395
0.47794055938720703
0.4943385124206543
0.5093705654144287
0.5430023670196533
0.5313155651092529
0.562859058380127
0.5478222370147705
0.5369625091552734
0.4488661289215088
0.05041837692260742
0.406024694442749
0.531517744064331
0.4769775867462158
0.47010207176208496
0.4619255065917969
0.049797773361206055
0.0499262809753418
0.4353964328765869
0.4640991687774658
0.4495275020599365
0.051456451416015625
0.050171852111816406
0.050138235092163086
0.05000662803649902
0.05004310607910156
0.5491175651550293
0.05042672157287598
0.6523740291595459
0.49146294593811035
0.4822664260864258
0.7175188064575195
0.4939391613006592
0.40770840644836426
0.520458459854126
0.05002903938293457
0.050176382064819336
0.04950428009033203
0.05132555961608887
0.04990077018737793
0.6358625888824463
0.5627076625823975
0.5035960674285889
0.5213911533355713
0.5470364093780518
0.5030908584594727
0.5332117080688477
0.5172748565673828
0.4931671619415283
0.47411656379699707
0.4837782382965088
0.47243356704711914
0.05020499229431152
0.04967021942138672
0.0499117374420166
0.05010676383972168
0.4833648204803467
0.5623166561126709
0.4810948371887207
0.5646615028381348
0.5024964809417725
0.4988236427307129
0.4793543815612793
0.5215084552764893
0.4748406410217285
0.49230194091796875
0.6511218547821045
0.04978203773498535
0.5749783515930176
0.526012659072876
0.5349969863891602
0.5021109580993652
0.520521879196167
0.49988675117492676
0.49976420402526855
0.4770381450653076
0.6157803535461426
0.5657751560211182
0.48874998092651367
0.5241150856018066
0.5188336372375488
0.44950151443481445
0.4696938991546631
0.5174272060394287
0.4965958595275879
0.04893803596496582
0.4962422847747803
0.45901942253112793
0.45827364921569824
0.52972412109375
0.566145658493042
0.5334775447845459
0.05049943923950195
0.05006980895996094
0.04967021942138672
0.5261342525482178
0.6088442802429199
0.4498119354248047
0.5732152462005615
0.529090404510498
0.5144805908203125
0.4524116516113281
0.58193039894104
0.5743310451507568
0.5831291675567627
0.5223071575164795
0.5428667068481445
0.5892152786254883
0.5641951560974121
0.5592374801635742
0.4961094856262207
0.6403083801269531
0.5316741466522217
0.5703787803649902
0.5364587306976318
0.5205304622650146
0.5675094127655029
0.5404558181762695
0.4901762008666992
0.5666053295135498
0.49874043464660645
0.48650288581848145
0.48892641067504883
0.5771644115447998
