0.19249176979064941
0.13349318504333496
0.12544894218444824
0.12375521659851074
0.12315821647644043
0.12288641929626465
0.12330460548400879
0.12397933006286621
0.1237783432006836
0.12260985374450684
0.12467265129089355
0.12429523468017578
0.12472891807556152
0.12226581573486328
0.12210988998413086
0.12227892875671387
0.12166666984558105
0.12270164489746094
0.12396860122680664
0.12314677238464355
0.12691020965576172
0.12731719017028809
0.12492609024047852
0.12249946594238281
0.1245262622833252
0.12350153923034668
0.12702417373657227
0.12330842018127441
0.12277674674987793
0.1228187084197998
0.12260627746582031
0.1213521957397461
0.12240982055664062
0.12651371955871582
0.12345337867736816
0.12238669395446777
0.12398147583007812
0.12258529663085938
0.12260174751281738
0.12188553810119629
0.1241300106048584
0.12427854537963867
0.12287616729736328
0.12243080139160156
0.12591004371643066
0.1234581470489502
0.12374114990234375
0.12597942352294922
0.12669968605041504
0.12336492538452148
0.12318634986877441
0.1252906322479248
0.12424039840698242
0.12467789649963379
0.12300276756286621
0.12322354316711426
0.1226205825805664
0.12380552291870117
0.1237189769744873
0.12577080726623535
0.1257178783416748
0.12584137916564941
0.12266111373901367
0.12378978729248047
0.1260983943939209
0.1264488697052002
0.12398386001586914
0.12404108047485352
0.1235964298248291
0.12297344207763672
0.12222647666931152
0.12266159057617188
0.12319374084472656
0.12276291847229004
0.12360405921936035
0.12384200096130371
0.12329936027526855
0.12358570098876953
0.12605834007263184
0.1221323013305664
0.12325358390808105
0.1239323616027832
0.12406635284423828
0.12383008003234863
0.12485623359680176
0.12495136260986328
0.12295413017272949
0.12338471412658691
0.12359404563903809
0.12357449531555176
0.12479543685913086
0.12341737747192383
0.12350869178771973
0.12482213973999023
0.1229557991027832
0.12343096733093262
0.12336611747741699
0.12328886985778809
0.12418651580810547
0.12321114540100098
0.1243293285369873
0.12358331680297852
0.1243283748626709
0.12294745445251465
0.12415695190429688
0.1237185001373291
0.12302947044372559
0.12307357788085938
0.12288928031921387
0.1226799488067627
0.12541437149047852
0.12310028076171875
0.12364387512207031
0.12352871894836426
0.1220247745513916
0.1235802173614502
0.12365841865539551
0.12271833419799805
0.1259934902191162
0.12353873252868652
0.12311387062072754
0.12316465377807617
0.12382197380065918
0.12446022033691406
0.12158346176147461
0.1229240894317627
0.1224977970123291
0.1229400634765625
0.12469244003295898
0.12344193458557129
0.12385797500610352
0.1245877742767334
0.12337875366210938
0.12270355224609375
0.12333941459655762
0.12521910667419434
0.12263298034667969
0.12345123291015625
0.12453603744506836
0.12205886840820312
0.12332391738891602
0.12305712699890137
0.12435197830200195
0.12361431121826172
0.12150692939758301
0.12332367897033691
0.12515807151794434
0.12297630310058594
0.12258124351501465
0.1253955364227295
0.12163949012756348
0.12284564971923828
0.12457036972045898
0.12279820442199707
0.12278461456298828
0.12463140487670898
0.12302064895629883
0.12471222877502441
0.12226176261901855
0.12208271026611328
0.1245107650756836
0.12344646453857422
0.12468457221984863
0.12454462051391602
0.12331199645996094
0.12432527542114258
0.12312507629394531
0.12330842018127441
0.1282641887664795
0.12412834167480469
0.12302017211914062
0.12381267547607422
0.12707948684692383
0.12472224235534668
0.123565673828125
0.12477612495422363
0.12482047080993652
0.12438201904296875
0.12399697303771973
0.1249246597290039
0.12270212173461914
0.12277460098266602
0.12401795387268066
0.12279319763183594
0.12202119827270508
0.12478852272033691
0.12392854690551758
0.12217259407043457
0.12360668182373047
0.12399077415466309
0.12334418296813965
0.1235971450805664
0.12356996536254883
0.12507271766662598
0.12423372268676758
0.12388777732849121
0.12355661392211914
0.12230539321899414
0.12201118469238281
0.12358450889587402
0.12365937232971191
0.12115931510925293
0.12346267700195312
0.12241697311401367
0.12469100952148438
0.12234807014465332
0.12394976615905762
0.12177443504333496
0.12372779846191406
0.12443709373474121
0.12568283081054688
0.12462806701660156
0.1252131462097168
0.12273526191711426
0.12351489067077637
0.12318229675292969
0.12499308586120605
0.12314581871032715
0.12528777122497559
0.12325263023376465
0.12322306632995605
0.1242213249206543
0.12498903274536133
0.12328171730041504
0.12309741973876953
0.12228918075561523
0.12326645851135254
0.12371563911437988
0.12410235404968262
0.12181305885314941
0.12392330169677734
0.12495803833007812
0.12439870834350586
0.12349891662597656
0.1236879825592041
0.12340354919433594
0.12410807609558105
0.1233377456665039
0.12231254577636719
0.12287187576293945
0.12313079833984375
0.1232154369354248
0.12160921096801758
0.12450194358825684
0.12475204467773438
0.1239767074584961
0.12170624732971191
0.12469625473022461
0.12380671501159668
0.12376141548156738
0.12452030181884766
0.12302994728088379
0.12279343605041504
0.1228020191192627
0.12294960021972656
0.12247085571289062
0.12432408332824707
0.12478208541870117
0.12371158599853516
0.1230318546295166
0.12405896186828613
0.12234210968017578
0.12256407737731934
0.12331533432006836
0.12258410453796387
0.12386202812194824
0.12377047538757324
0.1243429183959961
0.12497305870056152
0.12282657623291016
0.12473082542419434
0.12273359298706055
0.12418174743652344
0.12365388870239258
0.12260675430297852
0.12339019775390625
0.124359130859375
0.1235504150390625
0.12222099304199219
0.12333130836486816
0.12404870986938477
0.1233665943145752
0.12403202056884766
0.12382984161376953
0.12214112281799316
0.12397027015686035
0.12431669235229492
0.12247538566589355
0.12227773666381836
0.1233677864074707
0.12353873252868652
0.12391114234924316
0.12214326858520508
0.12453818321228027
0.12336874008178711
0.123748779296875
0.12426161766052246
0.12447595596313477
0.12463569641113281
0.12399411201477051
0.1242668628692627
0.1235666275024414
0.1235971450805664
0.12257146835327148
0.12428402900695801
0.12336468696594238
0.12271833419799805
0.1231534481048584
0.12244033813476562
0.1225128173828125
0.12214994430541992
0.12476015090942383
0.12379050254821777
0.12218499183654785
0.12173676490783691
0.1239163875579834
0.12473273277282715
0.1235346794128418
0.12206554412841797
0.1232156753540039
0.12327456474304199
0.12247085571289062
0.1237790584564209
0.12323594093322754
0.12294864654541016
0.12359404563903809
0.12226986885070801
0.12482309341430664
0.12370109558105469
0.12359476089477539
0.12341809272766113
0.12404394149780273
0.1256089210510254
0.12259697914123535
0.12286615371704102
0.12416386604309082
0.12339901924133301
0.1217501163482666
0.12467265129089355
0.12450075149536133
0.12645459175109863
0.1246333122253418
0.12470316886901855
0.12274432182312012
0.12399077415466309
0.12413334846496582
0.12401485443115234
0.12431931495666504
0.12336540222167969
0.12311482429504395
0.12365579605102539
0.1242671012878418
0.12250781059265137
0.1227257251739502
0.12390828132629395
0.12271618843078613
0.12397336959838867
0.12298464775085449
0.12275362014770508
0.12424921989440918
0.12257552146911621
0.1222994327545166
0.12222433090209961
0.12424015998840332
0.12253928184509277
0.12152266502380371
0.12238836288452148
0.1221468448638916
0.12223386764526367
0.1207129955291748
0.12216663360595703
0.12389111518859863
0.1224968433380127
0.12455081939697266
0.12351489067077637
0.12329244613647461
0.12349104881286621
0.12475967407226562
0.12407851219177246
0.12290644645690918
0.12266802787780762
0.12428140640258789
0.1248009204864502
0.12341499328613281
0.12384939193725586
0.12273502349853516
0.1231842041015625
0.12144279479980469
0.12304496765136719
0.12415456771850586
0.12322282791137695
0.12326717376708984
0.12294673919677734
0.12381958961486816
0.12398266792297363
0.12469315528869629
0.12301421165466309
0.1242365837097168
0.12297892570495605
0.12449860572814941
0.12612581253051758
0.12296175956726074
0.12437558174133301
0.12357902526855469
0.123565673828125
0.12291717529296875
0.12308430671691895
0.12400531768798828
0.12424015998840332
0.12218117713928223
0.12531518936157227
0.1223905086517334
0.12344169616699219
0.1230466365814209
0.1242213249206543
0.12405037879943848
0.12423563003540039
0.12397408485412598
0.1233358383178711
0.12476873397827148
0.12275910377502441
0.12322211265563965
0.12280964851379395
0.12295055389404297
0.12235093116760254
0.12269258499145508
0.12372827529907227
0.12372684478759766
0.12356996536254883
0.12247371673583984
0.12463736534118652
0.12314796447753906
0.1232912540435791
0.12299418449401855
0.1226193904876709
0.12430620193481445
0.1230010986328125
0.12379670143127441
0.12266659736633301
0.12292909622192383
0.12443375587463379
0.12483358383178711
0.1237480640411377
0.12338757514953613
0.1228334903717041
0.12420392036437988
0.12241816520690918
0.12325882911682129
0.1225883960723877
0.12216806411743164
0.12456631660461426
0.12271285057067871
0.12297606468200684
0.12371110916137695
0.1226649284362793
0.12422513961791992
0.12261104583740234
0.12380266189575195
0.1230933666229248
0.12383866310119629
0.12280416488647461
0.12305021286010742
0.12371373176574707
0.12387871742248535
0.12407183647155762
0.12424111366271973
0.12238597869873047
0.1241312026977539
0.12276077270507812
0.12279224395751953
0.12328839302062988
0.12360477447509766
0.12186241149902344
0.12254190444946289
0.12391304969787598
0.12288427352905273
0.12192010879516602
0.12386488914489746
0.12426495552062988
0.12348699569702148
0.12360382080078125
0.12220644950866699
0.12248373031616211
0.12297534942626953
0.12252521514892578
0.1227560043334961
0.1233210563659668
0.12119197845458984
0.1240990161895752
0.12317156791687012
0.12307953834533691
0.12365102767944336
0.12384414672851562
0.12288212776184082
0.12437653541564941
0.12446475028991699
0.12469625473022461
0.12370657920837402
0.12486028671264648
0.12342405319213867
0.12267684936523438
0.12298369407653809
0.12466049194335938
0.12372374534606934
0.12312483787536621
0.12341570854187012
0.12333559989929199
0.12301349639892578
0.12177300453186035
0.12503361701965332
0.12372612953186035
0.12228941917419434
0.12208127975463867
0.12238526344299316
0.12297987937927246
0.12359356880187988
0.12245011329650879
0.12373876571655273
0.12492489814758301
0.12399959564208984
0.12255740165710449
0.12348365783691406
0.12422966957092285
0.12240123748779297
0.12206172943115234
0.1231694221496582
0.12225794792175293
0.12321662902832031
0.12314414978027344
0.12329435348510742
0.12324166297912598
0.12257695198059082
0.12322306632995605
0.12393999099731445
0.12273859977722168
0.1245112419128418
0.12263917922973633
0.12165379524230957
0.1230165958404541
0.12222886085510254
0.12334156036376953
0.12230563163757324
0.12207412719726562
0.12401318550109863
0.12175989151000977
0.12271356582641602
0.12348318099975586
0.1223914623260498
0.12382698059082031
0.12385916709899902
0.12414693832397461
0.12359094619750977
0.12411260604858398
0.1236107349395752
0.1243746280670166
0.12372136116027832
0.12258458137512207
0.12160062789916992
0.12297630310058594
0.12486720085144043
0.12486696243286133
0.12467479705810547
0.12413454055786133
0.12527251243591309
0.12349414825439453
0.12331581115722656
0.12416243553161621
0.12517023086547852
0.1246030330657959
0.12488198280334473
0.12238025665283203
0.12321829795837402
0.12335777282714844
0.12197136878967285
0.12381243705749512
0.12420821189880371
0.12219119071960449
0.12300491333007812
0.12205123901367188
0.1221921443939209
0.12373876571655273
0.12465763092041016
0.12271714210510254
0.12269902229309082
0.12348031997680664
0.12166380882263184
0.12302947044372559
0.12437558174133301
0.1242671012878418
0.12345361709594727
0.12262868881225586
0.12321162223815918
0.12365055084228516
0.12400102615356445
0.12408232688903809
0.12488412857055664
0.12395548820495605
0.12475085258483887
0.12470531463623047
0.12405610084533691
0.12271714210510254
0.12462067604064941
0.12440371513366699
0.12473034858703613
0.12302827835083008
0.12363624572753906
0.12265944480895996
0.1219184398651123
0.1222677230834961
0.12312030792236328
0.12263798713684082
0.12312865257263184
0.12314343452453613
0.12470197677612305
0.12215733528137207
0.12367677688598633
0.12277412414550781
0.12344717979431152
0.1234748363494873
0.12363028526306152
0.12337565422058105
0.12407684326171875
0.12316203117370605
0.12147760391235352
0.12311863899230957
0.12323617935180664
0.12219452857971191
0.12423872947692871
0.12273883819580078
0.12422895431518555
0.12283945083618164
0.12342953681945801
0.12266349792480469
0.12315630912780762
0.12332510948181152
0.12383842468261719
0.1220850944519043
0.1239020824432373
0.12378120422363281
0.12346839904785156
0.12440156936645508
0.12403106689453125
0.12292361259460449
0.1267225742340088
0.12290549278259277
0.12261414527893066
0.12441539764404297
0.12416839599609375
0.12311482429504395
0.12220549583435059
0.12203764915466309
0.12336397171020508
0.12334060668945312
0.12234091758728027
0.12195467948913574
0.12417435646057129
0.1219322681427002
0.12311935424804688
0.1221766471862793
0.12409448623657227
0.12253665924072266
0.12220621109008789
0.12347960472106934
0.12300562858581543
0.12464404106140137
0.12434673309326172
0.12455153465270996
0.12281489372253418
0.12393403053283691
0.12385940551757812
0.12290287017822266
0.12341094017028809
0.12283444404602051
0.12373590469360352
0.12137413024902344
0.12333321571350098
0.12305021286010742
0.1224672794342041
0.12267398834228516
0.12250089645385742
0.12219977378845215
0.12335801124572754
0.12287235260009766
0.12273335456848145
0.12185001373291016
0.12237358093261719
0.12433910369873047
0.12247061729431152
0.12262558937072754
0.12435078620910645
0.12377047538757324
0.12255978584289551
0.12442851066589355
0.12417435646057129
0.12302589416503906
0.12272763252258301
0.12333250045776367
0.12426280975341797
0.12298130989074707
0.1230931282043457
0.12283825874328613
0.12238621711730957
0.12191557884216309
0.12487053871154785
0.12389922142028809
0.1239776611328125
0.12360501289367676
0.12416434288024902
0.12374114990234375
0.12255072593688965
0.1250615119934082
0.12279891967773438
0.12418198585510254
0.12410736083984375
0.12389659881591797
0.12391471862792969
0.12418127059936523
0.12406015396118164
0.12474513053894043
0.12386417388916016
0.12224793434143066
0.12409186363220215
0.12238478660583496
0.12468075752258301
0.12357401847839355
0.12269711494445801
0.12470746040344238
0.12192058563232422
0.12439846992492676
0.12313175201416016
0.12327790260314941
0.12273335456848145
0.12452530860900879
0.12274980545043945
0.1233358383178711
0.12427473068237305
0.12410950660705566
0.1229701042175293
0.12342071533203125
0.12368941307067871
0.12369990348815918
0.1240088939666748
0.1235971450805664
0.12244725227355957
0.12329459190368652
0.12121367454528809
0.1224367618560791
0.12171530723571777
0.12342405319213867
0.12350749969482422
0.12174773216247559
0.12490701675415039
0.12296319007873535
0.12245488166809082
0.12317347526550293
0.12336874008178711
0.12294507026672363
0.12337422370910645
0.12275147438049316
0.12342453002929688
0.12188363075256348
0.12185192108154297
0.12392234802246094
0.12224435806274414
0.1216280460357666
0.12285232543945312
0.12247896194458008
0.12321043014526367
0.12500309944152832
0.12481451034545898
0.1228952407836914
0.12226676940917969
0.12192249298095703
0.12295389175415039
0.12380838394165039
0.12317252159118652
0.12279891967773438
0.12359356880187988
0.12417197227478027
0.1236577033996582
0.12174224853515625
0.12418723106384277
0.12414407730102539
0.1232597827911377
0.1217796802520752
0.1246788501739502
0.12324213981628418
0.123016357421875
0.12327361106872559
0.12317109107971191
0.12371611595153809
0.12345337867736816
0.12303829193115234
0.12421131134033203
0.12227916717529297
0.12199831008911133
0.12378740310668945
0.12300539016723633
0.1228475570678711
0.1226961612701416
0.12332749366760254
0.1280381679534912
0.12257742881774902
0.12335324287414551
0.1236422061920166
0.12278962135314941
0.12427091598510742
0.12461352348327637
0.12328290939331055
0.12259197235107422
0.12351584434509277
0.12333226203918457
0.12216877937316895
0.12431001663208008
0.1219179630279541
0.12206649780273438
0.12349319458007812
0.1243293285369873
0.1221475601196289
0.12409257888793945
0.12313556671142578
0.12297749519348145
0.12333822250366211
0.12456679344177246
0.12348389625549316
0.12293553352355957
0.12287044525146484
0.12347412109375
0.12348794937133789
0.1236412525177002
0.12377810478210449
0.12367033958435059
0.12447142601013184
0.12376546859741211
0.12400317192077637
0.12441468238830566
0.12487101554870605
0.12369847297668457
0.12209391593933105
0.12269949913024902
0.12237262725830078
0.12444305419921875
0.1241304874420166
0.12386918067932129
0.12449479103088379
0.12312960624694824
0.12420964241027832
0.12343120574951172
0.12386775016784668
0.12312459945678711
0.1220712661743164
0.12408852577209473
0.1247098445892334
0.12465953826904297
0.1237635612487793
0.12332010269165039
0.12262701988220215
0.12283658981323242
0.12316465377807617
0.12351512908935547
0.12247037887573242
0.12461137771606445
0.1231389045715332
0.12311697006225586
0.12459015846252441
0.1241607666015625
0.1232767105102539
0.12241911888122559
0.12388014793395996
0.12445569038391113
0.1238868236541748
0.12347126007080078
0.12424206733703613
0.12226986885070801
0.1251688003540039
0.1242222785949707
0.12390470504760742
0.12437820434570312
0.12448859214782715
0.12412619590759277
0.12331199645996094
0.12355542182922363
0.1231832504272461
0.12361526489257812
0.12125372886657715
0.12322878837585449
0.12392854690551758
0.12408924102783203
0.12371635437011719
0.1216738224029541
0.12386870384216309
0.12460803985595703
0.1223139762878418
0.1223914623260498
0.12349891662597656
0.12340521812438965
0.12317895889282227
0.1238393783569336
0.12353038787841797
0.12327289581298828
0.12401270866394043
0.12464308738708496
0.1244344711303711
0.12439370155334473
0.12349343299865723
0.12225675582885742
0.12428736686706543
0.12401914596557617
0.12401127815246582
0.12425732612609863
0.12327122688293457
0.12230801582336426
0.12446308135986328
0.12436747550964355
0.12276077270507812
0.12314128875732422
0.12478971481323242
0.12412714958190918
0.12240147590637207
0.12489724159240723
0.12320971488952637
0.12306451797485352
0.12493419647216797
0.12337493896484375
0.12296938896179199
0.12296009063720703
