0.10303354263305664
0.10164833068847656
0.10342812538146973
0.09994292259216309
0.09958505630493164
0.10004186630249023
0.10047674179077148
0.10161137580871582
0.09955406188964844
0.10133790969848633
0.10085105895996094
0.10354208946228027
0.10018253326416016
0.1004953384399414
0.0994868278503418
0.10088849067687988
0.10290908813476562
0.10342764854431152
0.09978246688842773
0.10090780258178711
0.10031366348266602
0.10067462921142578
0.09959077835083008
0.10044121742248535
0.10091257095336914
0.10407662391662598
0.09946036338806152
0.09904623031616211
0.04221463203430176
0.10153794288635254
0.10063838958740234
0.10022974014282227
0.09868979454040527
0.10513138771057129
0.09980463981628418
0.10187673568725586
0.1001589298248291
0.10062456130981445
0.09891343116760254
0.10089516639709473
0.10014748573303223
0.10126757621765137
0.09962725639343262
0.10062456130981445
0.09990310668945312
0.09891247749328613
0.09930062294006348
0.1004481315612793
0.09960174560546875
0.10033488273620605
0.10112404823303223
0.10056114196777344
0.09971380233764648
0.09903812408447266
0.10364794731140137
0.09930157661437988
0.0992128849029541
0.09980440139770508
0.10207986831665039
0.1004490852355957
0.10079813003540039
0.09903311729431152
0.1011972427368164
0.10027885437011719
0.10057353973388672
0.1060628890991211
0.10039949417114258
0.10160636901855469
0.0999457836151123
0.10026264190673828
0.10082125663757324
0.1014556884765625
0.10004639625549316
0.10030055046081543
0.04077315330505371
0.10001683235168457
0.09921813011169434
0.09978294372558594
0.09972023963928223
0.10752344131469727
0.09989500045776367
0.10221338272094727
0.0991365909576416
0.10207128524780273
0.09987092018127441
0.10004925727844238
0.041991472244262695
0.09936904907226562
0.10077524185180664
0.1005241870880127
0.09992170333862305
0.10211801528930664
0.09897708892822266
0.09940862655639648
0.10170602798461914
0.09937167167663574
0.09969067573547363
0.10144925117492676
0.04105520248413086
0.10007071495056152
0.09999442100524902
0.09992074966430664
0.09932422637939453
0.10330867767333984
0.09887313842773438
0.10180425643920898
0.09942078590393066
0.09953927993774414
0.0989229679107666
0.10058856010437012
0.0990285873413086
0.09896230697631836
0.09915399551391602
0.1016550064086914
0.10048723220825195
0.09949874877929688
0.09943175315856934
0.09910106658935547
0.04099583625793457
0.09930682182312012
0.10001683235168457
0.09963583946228027
0.09878063201904297
0.10125064849853516
0.10074996948242188
0.1004648208618164
0.1008615493774414
0.10074925422668457
0.10204672813415527
0.09987211227416992
0.10284709930419922
0.09991264343261719
0.10106396675109863
0.09919214248657227
0.09980058670043945
0.0988779067993164
0.10073995590209961
0.09943890571594238
0.10078072547912598
0.10009217262268066
0.09944629669189453
0.10076141357421875
0.10064387321472168
0.10762333869934082
0.09875011444091797
0.09849238395690918
0.0996549129486084
0.10000753402709961
0.09904789924621582
0.10477781295776367
0.10075783729553223
0.09946012496948242
0.09988880157470703
0.09991049766540527
0.10047078132629395
0.0985713005065918
0.0988762378692627
0.04103231430053711
0.09944677352905273
0.09946513175964355
0.10030174255371094
0.09914445877075195
0.09994244575500488
0.09955644607543945
0.0994727611541748
0.09960341453552246
0.09918451309204102
0.10133171081542969
0.10149860382080078
0.10042333602905273
0.09899377822875977
0.10048317909240723
0.0420687198638916
0.10060787200927734
0.1019277572631836
0.09910869598388672
0.09981417655944824
0.0990297794342041
0.10049128532409668
0.09924960136413574
0.09918856620788574
0.09953641891479492
0.09895968437194824
0.10062599182128906
0.09860801696777344
0.04124736785888672
0.09887480735778809
0.10072040557861328
0.09969186782836914
0.09948539733886719
0.09937024116516113
0.04195713996887207
0.09878277778625488
0.10081315040588379
0.041489601135253906
0.10109210014343262
0.10132813453674316
0.09972810745239258
0.10104894638061523
0.09935355186462402
0.09913015365600586
0.09987092018127441
0.10264182090759277
0.10013437271118164
0.09954047203063965
0.10104775428771973
0.10541796684265137
0.10934901237487793
0.09837079048156738
0.1015021800994873
0.09948205947875977
0.09886860847473145
0.041326045989990234
0.10069608688354492
0.09829592704772949
0.042083740234375
0.09982442855834961
0.10434460639953613
0.10189414024353027
0.10913896560668945
0.10361051559448242
0.10250258445739746
0.10035991668701172
0.09993219375610352
0.04347062110900879
0.09850955009460449
0.09873342514038086
0.10017132759094238
0.10138797760009766
0.1006619930267334
0.0999751091003418
0.09941697120666504
0.10032320022583008
0.0997471809387207
0.10416698455810547
0.10065031051635742
0.10876011848449707
0.10065484046936035
0.10081005096435547
0.041544198989868164
0.04161834716796875
0.10054516792297363
0.09987044334411621
0.10003829002380371
0.09950971603393555
0.09992790222167969
0.10190129280090332
0.09842133522033691
0.09933114051818848
0.10045433044433594
0.09924483299255371
0.10035324096679688
0.09938526153564453
0.09947586059570312
0.09992241859436035
0.10045814514160156
0.0994102954864502
0.1004176139831543
0.09996199607849121
0.0990900993347168
0.1002662181854248
0.09924030303955078
0.10033392906188965
0.10161042213439941
0.10045456886291504
0.09934353828430176
0.10329365730285645
0.10037922859191895
0.09895801544189453
0.1277611255645752
0.10702872276306152
0.10145020484924316
0.09981083869934082
0.12276005744934082
0.10135889053344727
0.09859490394592285
0.10043787956237793
0.10096621513366699
0.10042929649353027
0.10183930397033691
0.10089349746704102
0.10137701034545898
0.09932589530944824
0.10468125343322754
0.10637879371643066
0.10353446006774902
0.100494384765625
0.0995028018951416
0.10062932968139648
0.10068154335021973
0.10090923309326172
0.10126304626464844
0.09874081611633301
0.10043621063232422
0.10025548934936523
0.09977412223815918
0.10021471977233887
0.09918880462646484
0.10319328308105469
0.10012078285217285
0.04118824005126953
0.1001274585723877
0.1000971794128418
0.1005866527557373
0.10144996643066406
0.04213857650756836
0.09901595115661621
0.09782767295837402
0.09919619560241699
0.04117178916931152
0.10047078132629395
0.10155248641967773
0.09943675994873047
0.10138583183288574
0.10074925422668457
0.10142755508422852
0.10295224189758301
0.09938406944274902
0.09957766532897949
0.10027933120727539
0.10060930252075195
0.10078167915344238
0.10103654861450195
0.10008907318115234
0.09934377670288086
0.09930229187011719
0.09933066368103027
0.10552740097045898
0.1015925407409668
0.04146313667297363
0.10117673873901367
0.1007232666015625
0.09962773323059082
0.10140132904052734
0.10027766227722168
0.09933352470397949
0.10008382797241211
0.10076665878295898
0.10144591331481934
0.09916448593139648
0.09914803504943848
0.09944629669189453
0.04223203659057617
0.0994865894317627
0.09934091567993164
0.10014200210571289
0.10063385963439941
0.10006427764892578
0.09934401512145996
0.10088777542114258
0.1003713607788086
0.10828542709350586
0.042110443115234375
0.09860754013061523
0.10255146026611328
0.09970378875732422
0.04088926315307617
0.11874938011169434
0.041385650634765625
0.10011625289916992
0.09833645820617676
0.09989261627197266
0.10465407371520996
0.09930729866027832
0.10024547576904297
0.10391616821289062
0.09854507446289062
0.1008765697479248
0.09954428672790527
0.10019159317016602
0.10029172897338867
0.04211306571960449
0.04127931594848633
0.10116910934448242
0.10638070106506348
0.09987783432006836
0.10102367401123047
0.10045266151428223
0.10039567947387695
0.1015779972076416
0.10009169578552246
0.099639892578125
0.09948587417602539
0.10071039199829102
0.1006309986114502
0.09966444969177246
0.09952735900878906
0.10038590431213379
0.10026025772094727
0.04119253158569336
0.10284805297851562
0.09943723678588867
0.10065221786499023
0.10274839401245117
0.0998528003692627
0.10039734840393066
0.1003572940826416
0.10195136070251465
0.10081148147583008
0.09991598129272461
0.09885287284851074
0.09913897514343262
0.10084176063537598
0.10039877891540527
0.09996533393859863
0.10167503356933594
0.10075831413269043
0.10255837440490723
0.10312986373901367
0.04137253761291504
0.09948253631591797
0.10117387771606445
0.1008448600769043
0.0989069938659668
0.09958934783935547
0.10009980201721191
0.10018157958984375
0.10016179084777832
0.10791921615600586
0.10089564323425293
0.10119938850402832
0.09898734092712402
0.09915828704833984
0.10082221031188965
0.10059499740600586
0.09988760948181152
0.10012006759643555
0.09974360466003418
0.10044503211975098
0.10019516944885254
0.0987856388092041
0.09948062896728516
0.10471749305725098
0.1012563705444336
0.10172820091247559
0.0993492603302002
0.10121345520019531
0.09828996658325195
0.09897899627685547
0.09894919395446777
0.11689186096191406
0.10000801086425781
0.10340261459350586
0.0989680290222168
0.0984044075012207
0.10086727142333984
0.10007023811340332
0.09944438934326172
0.042166709899902344
0.10082626342773438
0.09963583946228027
0.10034537315368652
0.09965348243713379
0.10047793388366699
0.10010766983032227
0.09921073913574219
0.1041879653930664
0.042181968688964844
0.041196584701538086
0.0994563102722168
0.09904146194458008
0.10031557083129883
0.10031485557556152
0.10078620910644531
0.0985262393951416
0.10229682922363281
0.09942054748535156
0.0993649959564209
0.09954094886779785
0.1040201187133789
0.09943056106567383
0.09976577758789062
0.1009974479675293
0.10077929496765137
0.10360121726989746
0.0991823673248291
0.09971022605895996
0.10000038146972656
0.10884928703308105
0.09975719451904297
0.1002357006072998
0.0991058349609375
0.09964942932128906
0.09905171394348145
0.10161614418029785
0.1003122329711914
0.10010099411010742
0.09976935386657715
0.11895871162414551
0.10047674179077148
0.09943938255310059
0.1005089282989502
0.10154104232788086
0.10388469696044922
0.10042715072631836
0.1013643741607666
0.09881138801574707
0.09945154190063477
0.10044026374816895
0.09925341606140137
0.0994105339050293
0.10021352767944336
0.10018014907836914
0.10061955451965332
0.09935665130615234
0.04204058647155762
0.10045194625854492
0.09961366653442383
0.10104942321777344
0.10461068153381348
0.09963726997375488
0.10029721260070801
0.09977269172668457
0.09900808334350586
0.10113310813903809
0.040975093841552734
0.10021281242370605
0.10055661201477051
0.10236382484436035
0.10046529769897461
0.10306572914123535
0.10232996940612793
0.10187530517578125
0.10002827644348145
0.10223770141601562
0.10158038139343262
0.09843730926513672
0.09919285774230957
0.10095500946044922
0.1005551815032959
0.0994563102722168
0.10120463371276855
0.09833049774169922
0.1005253791809082
0.10195803642272949
0.09925603866577148
0.10024857521057129
0.09998583793640137
0.10046124458312988
0.11721658706665039
0.10367465019226074
0.09940886497497559
0.09825587272644043
0.0995328426361084
0.10023069381713867
0.10052680969238281
0.10015249252319336
0.10123610496520996
0.09965395927429199
0.09930086135864258
0.09928536415100098
0.10023379325866699
0.09933948516845703
0.10141587257385254
0.10082745552062988
0.10096526145935059
0.09995532035827637
0.09901881217956543
0.040993690490722656
0.10155463218688965
0.09965324401855469
0.10051131248474121
0.10046243667602539
0.0994710922241211
0.09996199607849121
0.10172533988952637
0.09979867935180664
0.09948062896728516
0.10093092918395996
0.10189104080200195
0.10103011131286621
0.09960150718688965
0.10063672065734863
0.1004178524017334
0.09927248954772949
0.0994870662689209
0.10177731513977051
0.10803556442260742
0.10035586357116699
0.09993720054626465
0.10178160667419434
0.09924626350402832
0.10672664642333984
0.10197257995605469
0.10187005996704102
0.10161328315734863
0.09916043281555176
0.10381269454956055
0.10055732727050781
0.10323071479797363
0.1034860610961914
0.041271209716796875
0.09983325004577637
0.10083341598510742
0.10060667991638184
0.041216373443603516
0.10111284255981445
0.10198020935058594
0.10123682022094727
0.10032010078430176
0.09950447082519531
0.09922599792480469
0.10116386413574219
0.04109621047973633
0.10135197639465332
0.11260557174682617
0.10015678405761719
0.10202288627624512
0.09920263290405273
0.09989762306213379
0.042116641998291016
0.10196518898010254
0.10087990760803223
0.10061383247375488
0.10164904594421387
0.09990763664245605
0.09974217414855957
0.04109358787536621
0.10012173652648926
0.10064959526062012
0.09996843338012695
0.09997296333312988
0.09940600395202637
0.10043621063232422
0.04178500175476074
0.09928035736083984
0.10133910179138184
0.09966135025024414
0.09943532943725586
0.10030817985534668
0.0996246337890625
0.09870004653930664
0.09979414939880371
0.09930038452148438
0.1006779670715332
0.0999903678894043
0.04171133041381836
0.10055279731750488
0.10121893882751465
0.1034383773803711
0.10190820693969727
0.09965014457702637
0.1003575325012207
0.09875607490539551
0.10215139389038086
0.09991955757141113
0.10077190399169922
0.10287809371948242
0.0991971492767334
0.0992743968963623
0.10017848014831543
0.10044288635253906
0.10150480270385742
0.10047507286071777
0.10759782791137695
0.10048222541809082
0.04101967811584473
0.10046505928039551
0.10626554489135742
0.09988617897033691
0.09923529624938965
0.09943103790283203
0.10118818283081055
0.09963035583496094
0.10041356086730957
0.09989142417907715
0.09982562065124512
0.09879326820373535
0.10017538070678711
0.10355687141418457
0.09971833229064941
0.10026049613952637
0.09939861297607422
0.10201787948608398
0.09900903701782227
0.0994870662689209
0.09887504577636719
0.09969592094421387
0.10058450698852539
0.10004901885986328
0.09987449645996094
0.10065817832946777
0.09905481338500977
0.09888577461242676
0.09969711303710938
0.09948015213012695
0.09970831871032715
0.10048198699951172
0.09995555877685547
0.10093188285827637
0.09964323043823242
0.10015392303466797
0.10178637504577637
0.11764192581176758
0.04076957702636719
0.09999322891235352
0.10471010208129883
0.10149312019348145
0.09990882873535156
0.1013636589050293
0.10195541381835938
0.10077738761901855
0.09978199005126953
0.1001133918762207
0.1010122299194336
0.10016369819641113
0.10063934326171875
0.09992098808288574
0.10047698020935059
0.09999704360961914
0.10152769088745117
0.09898495674133301
0.10070633888244629
0.1075897216796875
0.1015172004699707
0.10016298294067383
0.09997868537902832
0.09933590888977051
0.10035467147827148
0.09884238243103027
0.10036587715148926
0.10095763206481934
0.09945988655090332
0.10187864303588867
0.09979724884033203
0.09948134422302246
0.1011664867401123
0.10100626945495605
0.10125851631164551
0.09995651245117188
0.09971857070922852
0.10035371780395508
0.09967398643493652
0.10119175910949707
0.09914541244506836
0.09984493255615234
0.1006629467010498
0.1033017635345459
0.04183673858642578
0.0994560718536377
0.10130119323730469
0.10057640075683594
0.10152101516723633
0.09982991218566895
0.09968233108520508
0.10001683235168457
0.09998393058776855
0.10083556175231934
0.10339784622192383
0.10054230690002441
0.10306644439697266
0.11864066123962402
0.09963536262512207
0.10372376441955566
0.1006317138671875
0.10165882110595703
0.09945988655090332
0.10068869590759277
0.09961676597595215
0.1000664234161377
0.042032718658447266
0.10050463676452637
0.10155463218688965
0.04095911979675293
0.10479927062988281
0.10062718391418457
0.10024738311767578
0.09909629821777344
0.09963464736938477
0.09930133819580078
0.10013794898986816
0.11960101127624512
0.0988912582397461
0.10111737251281738
0.10013222694396973
0.10190391540527344
0.09888577461242676
0.09958577156066895
0.09999585151672363
0.09967970848083496
0.09888863563537598
0.10045719146728516
0.1002345085144043
0.1013801097869873
0.10009431838989258
0.04110002517700195
0.10062241554260254
0.10246467590332031
0.10008001327514648
0.09949994087219238
0.09924721717834473
0.09940862655639648
0.09988570213317871
0.0993044376373291
0.04119515419006348
0.10011029243469238
0.11125612258911133
0.09959530830383301
0.10013198852539062
0.09833765029907227
0.10020852088928223
0.10107707977294922
0.09910345077514648
0.10000753402709961
0.09917974472045898
0.10015082359313965
0.1013181209564209
0.1034078598022461
0.10143828392028809
0.1000528335571289
0.10806751251220703
0.10426163673400879
0.10286927223205566
0.09831023216247559
0.09893798828125
0.10441470146179199
0.09973025321960449
0.04090285301208496
0.04233980178833008
0.10157155990600586
0.09923505783081055
0.10205650329589844
0.10173964500427246
0.0993356704711914
0.09859991073608398
0.09930682182312012
0.09952545166015625
0.1001577377319336
0.10309791564941406
0.10137271881103516
0.09975385665893555
0.09965872764587402
0.10184001922607422
0.10181212425231934
0.10213518142700195
0.10002589225769043
0.10031342506408691
0.10290336608886719
0.09919190406799316
0.10036134719848633
0.10098123550415039
0.10801553726196289
0.10002684593200684
0.042084693908691406
0.04108023643493652
0.09910058975219727
0.09952783584594727
0.10697698593139648
0.09924054145812988
0.1009066104888916
0.10169076919555664
0.09996652603149414
0.11680936813354492
0.10011816024780273
0.10006284713745117
0.10097384452819824
0.10008025169372559
0.10181927680969238
0.09954476356506348
0.0991368293762207
0.09896087646484375
0.10447859764099121
0.10003447532653809
0.09984445571899414
0.10347938537597656
0.10072493553161621
0.10059809684753418
0.09953951835632324
0.10043692588806152
0.10141825675964355
0.09942269325256348
0.09967708587646484
0.1061699390411377
0.10080790519714355
0.0997159481048584
0.10519552230834961
0.10143661499023438
0.10101962089538574
0.1006615161895752
0.10068917274475098
0.10469985008239746
0.1003561019897461
0.09948897361755371
0.09989738464355469
0.10026383399963379
0.10140371322631836
0.09998059272766113
0.09995079040527344
0.10029149055480957
0.041105031967163086
0.10086512565612793
0.10314083099365234
0.10071730613708496
0.1012873649597168
0.09825587272644043
0.09956192970275879
0.10087132453918457
0.10015630722045898
0.09991598129272461
0.0991368293762207
0.10021710395812988
0.10320091247558594
0.10023951530456543
0.09985756874084473
0.10068035125732422
0.10090208053588867
0.09999561309814453
0.10066008567810059
0.10002946853637695
0.10051894187927246
0.09839224815368652
0.10709452629089355
0.10437393188476562
0.10044598579406738
0.10011768341064453
0.10323834419250488
0.0998830795288086
0.1002359390258789
0.10030055046081543
0.04102325439453125
0.09992384910583496
0.09920835494995117
0.10045671463012695
0.10066056251525879
0.10013771057128906
0.0413355827331543
0.10006356239318848
0.09960198402404785
0.09985685348510742
0.09946298599243164
0.09967732429504395
0.10012626647949219
0.1000368595123291
0.09896349906921387
0.09998273849487305
0.09970664978027344
0.10038566589355469
0.09985899925231934
0.10135626792907715
0.10209965705871582
0.0997476577758789
0.10034632682800293
0.10004305839538574
0.09953808784484863
0.09966325759887695
0.10070013999938965
0.10278081893920898
0.09973025321960449
0.09944033622741699
0.0994253158569336
0.09958243370056152
0.09912323951721191
0.10051703453063965
0.10093355178833008
0.10204505920410156
0.09998369216918945
0.10089540481567383
0.10050344467163086
0.0999596118927002
0.10129356384277344
0.10016918182373047
0.10094761848449707
0.10034322738647461
0.10152101516723633
0.09963870048522949
0.10031771659851074
0.09993314743041992
0.09940481185913086
0.09999227523803711
0.10099625587463379
0.1028738021850586
0.0998680591583252
0.0998983383178711
0.1009373664855957
0.10066819190979004
0.10013580322265625
0.09984755516052246
0.10300803184509277
0.10135507583618164
0.10092020034790039
0.10106325149536133
0.10124063491821289
0.09857988357543945
0.09957027435302734
0.09975242614746094
0.09942340850830078
0.09961652755737305
0.09982037544250488
0.09946680068969727
0.10150837898254395
0.10080194473266602
0.09932136535644531
0.09984183311462402
0.10026216506958008
0.10092687606811523
0.09992861747741699
0.09937834739685059
0.09930658340454102
0.0992281436920166
0.09870052337646484
0.1017296314239502
0.09894967079162598
0.09890341758728027
0.04119753837585449
0.041228294372558594
0.10017538070678711
0.11715865135192871
0.10009121894836426
0.1009068489074707
0.04120373725891113
0.10053443908691406
0.0986483097076416
0.10079574584960938
0.10233902931213379
0.10151791572570801
0.0993189811706543
0.09932541847229004
0.09971213340759277
0.041034698486328125
0.09985494613647461
0.10059142112731934
0.09977316856384277
0.09987092018127441
0.09953737258911133
0.10006070137023926
0.09957265853881836
0.10002422332763672
0.09972548484802246
0.09930968284606934
0.041289329528808594
0.0993039608001709
0.10079288482666016
0.09944343566894531
0.09964513778686523
0.10205864906311035
0.04114103317260742
0.09945273399353027
0.10009217262268066
0.10027027130126953
0.09926438331604004
0.09937620162963867
0.09933233261108398
0.0990290641784668
0.0995333194732666
0.10812950134277344
0.0996103286743164
0.11093449592590332
0.09998226165771484
0.041149139404296875
0.10143423080444336
0.10024571418762207
0.10051155090332031
0.09976696968078613
0.09992766380310059
0.09923458099365234
0.10042548179626465
0.10028815269470215
0.1010279655456543
0.09961962699890137
0.04081368446350098
0.10251879692077637
0.1030583381652832
0.09966802597045898
0.10069632530212402
0.0995025634765625
0.10060453414916992
0.04204583168029785
0.042031288146972656
0.1006309986114502
0.10189390182495117
0.041075944900512695
0.10064530372619629
0.10090827941894531
0.09998846054077148
0.10081934928894043
0.10146260261535645
0.0981590747833252
0.09994125366210938
0.09939193725585938
0.10001492500305176
0.0409848690032959
0.10049581527709961
0.10110712051391602
0.0996100902557373
0.10076022148132324
0.09933662414550781
0.09929728507995605
0.10065674781799316
0.10015320777893066
0.10073351860046387
0.10100817680358887
0.10022115707397461
0.10257577896118164
0.10035872459411621
0.0999608039855957
0.09946179389953613
0.10024213790893555
0.09975719451904297
0.10235404968261719
0.09969449043273926
0.09969806671142578
0.10148096084594727
0.10278749465942383
0.10035562515258789
0.0991051197052002
0.10070085525512695
0.09845614433288574
0.09966087341308594
0.10036706924438477
0.09925389289855957
0.10018706321716309
0.09980297088623047
0.10077977180480957
0.041101694107055664
0.10187554359436035
0.0412750244140625
0.10093474388122559
0.09944701194763184
0.10103154182434082
0.09953904151916504
0.1014871597290039
0.09976673126220703
0.1007692813873291
0.10185384750366211
0.09988021850585938
0.09997987747192383
0.10048913955688477
0.09954547882080078
0.09916067123413086
0.10386800765991211
0.09932780265808105
0.09983682632446289
0.09982466697692871
0.09953808784484863
0.10016012191772461
0.10042977333068848
0.10069465637207031
0.04224276542663574
0.10046052932739258
0.09967637062072754
0.04121136665344238
0.10062408447265625
0.10162353515625
0.09938955307006836
0.10190391540527344
0.1006460189819336
0.10117459297180176
0.09853529930114746
0.0997161865234375
0.10025334358215332
0.0994253158569336
0.09919047355651855
0.09941935539245605
0.09964203834533691
0.09990286827087402
0.10941171646118164
0.0991055965423584
0.10208606719970703
0.10415482521057129
0.09887385368347168
0.10130691528320312
0.10022902488708496
0.09990692138671875
0.09999442100524902
0.10029315948486328
0.1003272533416748
0.09988856315612793
0.10106062889099121
0.10021424293518066
0.10026311874389648
0.10016608238220215
0.09959983825683594
0.09887552261352539
0.09970211982727051
0.042257070541381836
0.10653424263000488
0.09953737258911133
0.09981608390808105
0.09953880310058594
0.10294842720031738
0.04118943214416504
0.04163098335266113
0.10030889511108398
0.1003265380859375
0.10099387168884277
0.09933280944824219
0.10419821739196777
0.10186314582824707
0.1006174087524414
0.0994112491607666
0.09929013252258301
0.1036982536315918
0.1018822193145752
0.09830093383789062
0.09970641136169434
0.0980074405670166
0.09966015815734863
0.09969687461853027
0.10022759437561035
0.10073375701904297
0.10329294204711914
0.10011649131774902
0.1003870964050293
0.09961104393005371
0.10029840469360352
0.1043386459350586
0.10030579566955566
0.09949707984924316
0.10459232330322266
0.1007547378540039
0.0996100902557373
0.10077095031738281
0.10218930244445801
0.1009218692779541
0.09946346282958984
0.10545611381530762
0.10081315040588379
0.10027170181274414
0.09943437576293945
0.10470342636108398
0.10008621215820312
0.0991966724395752
0.10028886795043945
0.10251760482788086
0.1005394458770752
0.0998067855834961
0.04124140739440918
0.10021829605102539
0.100341796875
0.09986543655395508
0.09991002082824707
0.10052824020385742
0.10544085502624512
0.10089421272277832
0.10008883476257324
0.09935617446899414
0.09925270080566406
0.09924983978271484
0.09987688064575195
0.10124516487121582
0.10937309265136719
0.10055279731750488
0.0992581844329834
0.09993505477905273
0.09924197196960449
0.0992434024810791
0.10011792182922363
0.09928107261657715
0.041217803955078125
0.04134535789489746
0.10047149658203125
0.09978055953979492
0.10311651229858398
0.1000058650970459
0.09935212135314941
0.09961271286010742
0.10192751884460449
0.10056352615356445
0.09947705268859863
0.09958314895629883
0.0991666316986084
0.09994983673095703
0.10115623474121094
0.09972953796386719
0.09953117370605469
0.1039736270904541
0.09820246696472168
0.04133296012878418
0.10037851333618164
0.10172891616821289
0.04124093055725098
0.10162806510925293
0.09944748878479004
0.1085655689239502
0.10184955596923828
0.1000220775604248
0.10002541542053223
0.10178709030151367
0.1001899242401123
0.10206151008605957
0.10034561157226562
0.10441732406616211
0.09934282302856445
0.10075712203979492
0.10031819343566895
0.10037064552307129
0.09869503974914551
0.09952759742736816
0.09964394569396973
0.10032129287719727
0.10035514831542969
0.09987306594848633
0.09925627708435059
0.10090398788452148
0.10022997856140137
0.0997462272644043
0.09934425354003906
0.1019446849822998
0.10101151466369629
0.041216135025024414
0.09958910942077637
0.09912705421447754
0.11031532287597656
0.10159945487976074
0.10178017616271973
0.10792016983032227
0.09940886497497559
0.09996724128723145
0.10024738311767578
0.04113340377807617
0.09965109825134277
0.10080504417419434
0.10014915466308594
0.10132360458374023
0.10119009017944336
0.09990859031677246
0.09930610656738281
0.10149049758911133
0.10086703300476074
0.1013786792755127
0.10119938850402832
0.10589742660522461
0.1005094051361084
0.04133319854736328
0.10071706771850586
0.10118436813354492
0.09934616088867188
0.10325503349304199
0.09981012344360352
0.10093450546264648
0.10119056701660156
0.10046577453613281
0.10011959075927734
0.10064268112182617
0.09833049774169922
0.10071420669555664
0.09944367408752441
0.10115289688110352
0.10186505317687988
0.10012030601501465
0.10436415672302246
0.10102057456970215
0.1002659797668457
0.0999763011932373
0.1012260913848877
0.10175609588623047
0.09981799125671387
0.10137581825256348
0.09993767738342285
0.09973001480102539
0.1003422737121582
0.09948158264160156
0.09886479377746582
0.10130023956298828
0.1009511947631836
0.10013818740844727
0.1003873348236084
0.09993505477905273
0.1162714958190918
0.10090374946594238
0.1008596420288086
0.09983062744140625
0.10529184341430664
0.10069847106933594
0.09904670715332031
0.10144233703613281
0.10194063186645508
0.10190725326538086
0.11871743202209473
0.10043478012084961
0.1008143424987793
0.10021662712097168
0.10176682472229004
0.09892058372497559
0.10736870765686035
0.10012412071228027
0.10165023803710938
0.04105877876281738
0.10364913940429688
0.10127520561218262
0.09991669654846191
0.10282254219055176
0.09993910789489746
0.09949040412902832
0.09963297843933105
0.09879589080810547
0.10057401657104492
0.10133957862854004
0.09940314292907715
0.10055732727050781
0.10043883323669434
0.09971976280212402
0.10021448135375977
0.10027027130126953
0.10079097747802734
0.09985804557800293
0.10058069229125977
0.10007452964782715
0.09903192520141602
0.10061979293823242
0.10036683082580566
0.09943509101867676
0.10047125816345215
0.09968209266662598
0.09914898872375488
0.10132360458374023
0.10056018829345703
0.04123950004577637
0.10229158401489258
0.10183429718017578
0.09951472282409668
0.10027313232421875
0.09900951385498047
0.10139226913452148
0.1002962589263916
0.10085010528564453
0.09928607940673828
0.09912657737731934
0.09893798828125
0.10035300254821777
0.10110306739807129
0.09985661506652832
0.10106086730957031
0.10337996482849121
0.09827256202697754
0.1006922721862793
0.09934163093566895
0.09995245933532715
0.10679769515991211
0.09887552261352539
0.10175776481628418
0.10011816024780273
0.10004520416259766
0.10015010833740234
0.09976720809936523
0.10002279281616211
0.10127472877502441
0.10070586204528809
0.10118722915649414
0.09988880157470703
0.09952759742736816
0.10130763053894043
0.10065722465515137
0.10207438468933105
0.09987568855285645
0.0998082160949707
0.10013818740844727
0.10085916519165039
0.10074162483215332
0.10041189193725586
0.04111337661743164
0.10029411315917969
0.0990755558013916
0.1022183895111084
0.10075259208679199
0.10041332244873047
0.10020732879638672
0.10090279579162598
0.0995175838470459
0.10016822814941406
0.10140872001647949
0.10091209411621094
0.04137063026428223
0.10091614723205566
0.1020059585571289
0.10054445266723633
0.09985756874084473
0.10022974014282227
0.10069036483764648
0.10050630569458008
0.09982419013977051
0.04100942611694336
0.09988117218017578
0.10009574890136719
0.09991192817687988
0.10103440284729004
0.09954071044921875
0.10012245178222656
0.0999441146850586
0.10074806213378906
0.10103631019592285
0.10067200660705566
0.09936094284057617
0.10019397735595703
0.10154271125793457
0.09817075729370117
0.041060447692871094
0.10000824928283691
0.10156846046447754
0.10149216651916504
0.10131621360778809
0.09997916221618652
0.10092020034790039
0.10085606575012207
0.09966373443603516
0.1020503044128418
0.09971499443054199
0.09927654266357422
0.04182291030883789
0.09963703155517578
0.09975242614746094
0.10042166709899902
0.10001993179321289
0.0994415283203125
0.10290193557739258
0.09991693496704102
0.09982156753540039
0.04301309585571289
0.1018824577331543
0.10050797462463379
0.09999728202819824
0.10143470764160156
0.10196995735168457
0.10088324546813965
0.10927915573120117
0.09961414337158203
0.09913325309753418
0.09837126731872559
0.09811282157897949
0.09921550750732422
0.101409912109375
0.09910750389099121
0.09969162940979004
0.09974455833435059
0.09947609901428223
0.10367393493652344
0.1012732982635498
0.10651755332946777
0.11655092239379883
0.1038668155670166
0.09891748428344727
0.09983062744140625
0.09917664527893066
0.09965372085571289
0.10020756721496582
0.04100799560546875
0.10188937187194824
0.09933805465698242
0.09977531433105469
0.1009223461151123
0.10234427452087402
0.10795736312866211
0.09901094436645508
0.04106402397155762
0.10134506225585938
0.09880876541137695
0.10029411315917969
0.09993267059326172
0.10264396667480469
0.10086464881896973
0.09984159469604492
0.10037565231323242
0.09938240051269531
0.04293394088745117
0.10212540626525879
0.10185933113098145
0.09962868690490723
0.09941816329956055
0.10028529167175293
0.09936881065368652
0.10019588470458984
0.09973812103271484
0.10073709487915039
0.0999603271484375
0.10521316528320312
0.10695910453796387
0.10194277763366699
0.09940552711486816
0.09850430488586426
0.10040569305419922
0.10109448432922363
0.10092854499816895
0.10019731521606445
0.10343670845031738
0.10846853256225586
0.10015463829040527
0.10040903091430664
0.09978318214416504
0.10016632080078125
0.10443615913391113
0.10585260391235352
0.10025978088378906
0.09989404678344727
0.1004188060760498
0.09908008575439453
0.10058736801147461
0.09944772720336914
0.10346269607543945
0.0991363525390625
0.10066771507263184
0.04124760627746582
0.10023283958435059
0.1015768051147461
0.10001420974731445
0.09900689125061035
0.09838509559631348
0.09980416297912598
0.09989309310913086
0.09947872161865234
0.10082221031188965
0.09967160224914551
0.09925079345703125
0.1000680923461914
0.10073089599609375
0.09969234466552734
0.10075020790100098
0.04128217697143555
0.10050845146179199
0.10159945487976074
0.09986615180969238
0.09865856170654297
0.0413365364074707
0.10106229782104492
0.10109710693359375
0.1008307933807373
0.0993039608001709
0.10007500648498535
0.10099077224731445
0.10056400299072266
0.0998382568359375
0.10059380531311035
0.1007084846496582
0.10092854499816895
0.09917736053466797
0.09926128387451172
0.10113716125488281
0.04113006591796875
0.09964990615844727
0.1008145809173584
0.10079741477966309
0.10136079788208008
0.0997171401977539
0.10002875328063965
0.10013318061828613
0.09951186180114746
0.10215163230895996
0.1001584529876709
0.10010671615600586
0.09979438781738281
0.10485553741455078
0.10050749778747559
0.10098147392272949
0.1006464958190918
0.09991812705993652
0.10137009620666504
0.10060381889343262
0.10120391845703125
0.0998082160949707
0.10070967674255371
0.10017967224121094
0.10136866569519043
0.0997774600982666
0.09903955459594727
0.04122209548950195
0.10020995140075684
0.10264205932617188
0.09981918334960938
0.10003900527954102
0.10016202926635742
0.10066437721252441
0.0999453067779541
0.10088682174682617
0.10412931442260742
0.1003730297088623
0.1000664234161377
0.1010584831237793
0.09995841979980469
0.10124874114990234
0.041191816329956055
0.09954261779785156
0.09999632835388184
0.10141372680664062
0.0988461971282959
0.10420417785644531
0.09944510459899902
0.09998750686645508
0.09838461875915527
0.10117053985595703
0.09975242614746094
0.10234260559082031
0.09953784942626953
0.10126352310180664
0.09981703758239746
0.10477876663208008
0.10077786445617676
0.10537266731262207
0.09943962097167969
0.09926676750183105
0.10053181648254395
0.10188841819763184
0.09983611106872559
0.041042327880859375
0.10028910636901855
0.09985828399658203
0.09820914268493652
0.04128670692443848
0.10120272636413574
0.09952831268310547
0.09932923316955566
0.09918642044067383
0.10047125816345215
0.10070610046386719
0.10061383247375488
0.10422587394714355
0.09969615936279297
0.09994053840637207
0.0994572639465332
0.1005244255065918
0.09946537017822266
0.10047411918640137
0.10034942626953125
0.09973382949829102
0.09991288185119629
0.1030888557434082
0.10023307800292969
0.09990811347961426
0.0996098518371582
0.10081219673156738
0.10056900978088379
0.10086989402770996
0.1018071174621582
0.10068869590759277
0.04124021530151367
0.09989452362060547
0.09862685203552246
0.10024738311767578
0.1019594669342041
0.10127830505371094
0.10027623176574707
0.09927821159362793
0.09976887702941895
0.09959125518798828
0.10852408409118652
0.10716462135314941
0.10020995140075684
0.10890984535217285
0.10133743286132812
0.10000729560852051
0.1002349853515625
0.10020637512207031
0.10076236724853516
0.09971308708190918
0.09888672828674316
0.1007843017578125
0.10253643989562988
0.09897875785827637
0.10741662979125977
0.09922218322753906
0.10780620574951172
0.09968042373657227
0.09987211227416992
0.10052084922790527
0.10228157043457031
0.10062026977539062
0.10014986991882324
0.10057806968688965
0.10010719299316406
0.09916543960571289
0.1002192497253418
0.10078787803649902
0.10066866874694824
0.10080599784851074
0.10091686248779297
0.09953188896179199
0.09987282752990723
0.09967947006225586
0.04111623764038086
0.09986257553100586
0.09982824325561523
0.0410003662109375
0.10017919540405273
0.09891152381896973
0.10059189796447754
0.1006159782409668
0.10296320915222168
0.0996549129486084
0.10041975975036621
0.10005378723144531
0.10107541084289551
0.09881067276000977
0.04203152656555176
0.09969305992126465
0.09926199913024902
0.10111832618713379
0.09942126274108887
0.10071992874145508
0.10144686698913574
0.10241246223449707
0.10038399696350098
0.10044074058532715
0.0992426872253418
0.10135006904602051
0.1009061336517334
0.1026160717010498
0.09925079345703125
0.10070490837097168
0.0999917984008789
0.10065102577209473
0.04120206832885742
0.10091495513916016
0.10117292404174805
0.0997614860534668
0.10070490837097168
0.09902834892272949
0.10081696510314941
0.09896373748779297
0.09961891174316406
0.10125517845153809
0.10111665725708008
0.09911632537841797
0.0989532470703125
0.09882283210754395
0.1029970645904541
0.10115838050842285
0.10244369506835938
0.10230016708374023
0.10071897506713867
0.1065518856048584
0.10335659980773926
0.0999610424041748
0.10030198097229004
0.10305404663085938
0.0997321605682373
0.10042285919189453
0.09968161582946777
0.10449814796447754
0.10219597816467285
0.1011514663696289
0.09976863861083984
0.0993804931640625
0.10010576248168945
0.10292243957519531
0.10228490829467773
0.10124468803405762
0.10046815872192383
0.10082340240478516
0.10043573379516602
0.09886670112609863
0.10046839714050293
0.10154557228088379
0.043129682540893555
0.1016855239868164
0.09966468811035156
0.10037493705749512
0.042848825454711914
0.0988459587097168
0.0998687744140625
0.10007834434509277
0.1009056568145752
0.09890317916870117
0.10130047798156738
0.09962749481201172
0.09908771514892578
0.10928845405578613
0.10025453567504883
0.0991063117980957
0.09975099563598633
0.09895086288452148
0.10289669036865234
0.10093998908996582
0.04203391075134277
0.10053157806396484
0.09920001029968262
0.09794425964355469
0.10030627250671387
0.12668466567993164
0.10065317153930664
0.10084271430969238
0.10782289505004883
0.09958100318908691
0.10709190368652344
0.04093575477600098
0.10139679908752441
0.04094219207763672
0.1038053035736084
0.09938383102416992
0.10018110275268555
0.10030937194824219
0.09899449348449707
0.09905791282653809
0.10035014152526855
0.09920263290405273
0.10043740272521973
0.10014772415161133
0.09865570068359375
0.09955072402954102
0.10072159767150879
0.10420680046081543
0.10063934326171875
0.10140275955200195
0.09996891021728516
0.09979581832885742
0.10035276412963867
0.10057950019836426
0.09956789016723633
0.041947126388549805
0.0993809700012207
0.0409998893737793
0.1008765697479248
0.1000361442565918
0.10132455825805664
0.10047006607055664
0.09937024116516113
0.10095739364624023
0.10065150260925293
0.10089635848999023
0.09941840171813965
0.10055208206176758
0.10151505470275879
0.09988617897033691
0.041083335876464844
0.09959197044372559
0.04258251190185547
0.0413360595703125
0.10054469108581543
0.10224032402038574
0.10198116302490234
0.09972071647644043
0.09930205345153809
0.09970521926879883
0.09943890571594238
0.09934186935424805
0.09965133666992188
0.1025393009185791
0.10112619400024414
0.0996849536895752
0.0989980697631836
0.0990145206451416
0.09950590133666992
0.0993499755859375
0.0999610424041748
0.10010457038879395
0.09955143928527832
0.09862685203552246
0.10048651695251465
0.09950923919677734
0.09954547882080078
0.10228276252746582
0.10014677047729492
0.1099853515625
0.09934520721435547
0.09911632537841797
0.09883952140808105
0.09914636611938477
0.11979174613952637
0.09856581687927246
0.09992170333862305
0.10139608383178711
0.10067510604858398
0.10026764869689941
0.09954953193664551
0.04109334945678711
0.0985565185546875
0.09930872917175293
0.1020042896270752
0.1013481616973877
0.09928631782531738
0.1011509895324707
0.09995055198669434
0.09938240051269531
0.10113215446472168
0.10006594657897949
0.0997772216796875
0.10122275352478027
0.10005855560302734
0.1007070541381836
0.09844183921813965
0.11645746231079102
0.10090088844299316
0.10043931007385254
0.042041778564453125
0.10106348991394043
0.04204416275024414
0.09979557991027832
0.09924602508544922
0.1026148796081543
0.09945940971374512
0.09854006767272949
0.09981131553649902
0.10133123397827148
0.10166406631469727
0.10012650489807129
0.09982776641845703
0.1007072925567627
0.100250244140625
0.1014714241027832
0.10053563117980957
0.10246586799621582
0.10010719299316406
0.10038065910339355
0.09958267211914062
0.10071420669555664
0.10203075408935547
0.10019564628601074
0.0996096134185791
0.10014867782592773
0.10053014755249023
0.10220193862915039
0.10198760032653809
0.04117870330810547
0.10041642189025879
0.04138779640197754
0.10162997245788574
0.09892964363098145
0.10266947746276855
0.10011529922485352
0.10003256797790527
0.041441917419433594
0.1005103588104248
0.09969711303710938
0.09920310974121094
0.09915804862976074
0.10215306282043457
0.04113411903381348
0.10022735595703125
0.09927487373352051
0.10194635391235352
0.10119271278381348
0.0997934341430664
0.1003561019897461
0.1007392406463623
0.0991373062133789
0.10019254684448242
0.09930276870727539
0.10059237480163574
0.09914374351501465
0.09899258613586426
0.09958195686340332
0.10075044631958008
0.1106257438659668
0.09942412376403809
0.0996859073638916
0.09863948822021484
0.09992241859436035
0.09918808937072754
0.09970593452453613
0.10432553291320801
0.1015923023223877
0.09904193878173828
0.09913754463195801
0.04102015495300293
0.10089874267578125
0.09890937805175781
0.10061788558959961
0.09978771209716797
0.09924483299255371
0.09904813766479492
0.09810376167297363
0.09901547431945801
0.10061407089233398
0.09980249404907227
0.10017657279968262
0.10002851486206055
0.10060429573059082
0.10053753852844238
0.09998250007629395
0.10113954544067383
0.09915304183959961
0.09946203231811523
0.10097074508666992
0.09999275207519531
0.10141491889953613
0.09984517097473145
0.09927845001220703
0.10208535194396973
0.09943485260009766
0.09883308410644531
0.10088038444519043
0.0999300479888916
0.09872245788574219
0.09895205497741699
0.09946346282958984
0.09939074516296387
0.0411372184753418
0.04211139678955078
0.10121464729309082
0.10001802444458008
0.10063409805297852
0.10067129135131836
0.09942078590393066
0.09969973564147949
0.09994745254516602
0.10512351989746094
0.10104084014892578
0.09990048408508301
0.09967184066772461
0.10166621208190918
0.09947586059570312
0.10062551498413086
0.10965657234191895
0.09900236129760742
0.041056156158447266
0.09996294975280762
0.09938645362854004
0.10207676887512207
0.10036778450012207
0.1007542610168457
0.09995245933532715
0.10060596466064453
0.09970712661743164
0.04198789596557617
0.09967851638793945
0.09894919395446777
0.10064864158630371
0.09965825080871582
0.10175657272338867
0.10103559494018555
0.10538125038146973
0.10001635551452637
0.10124683380126953
0.10021567344665527
0.09993386268615723
0.1004636287689209
0.1007845401763916
0.04103565216064453
0.10092401504516602
0.10077285766601562
0.09968161582946777
0.09994053840637207
0.09886336326599121
0.10049843788146973
0.09940576553344727
0.09969305992126465
0.09948444366455078
0.10006952285766602
0.10127997398376465
0.09965300559997559
0.09933686256408691
0.09874153137207031
0.1003255844116211
0.10008788108825684
0.10043668746948242
0.10131120681762695
0.09945487976074219
0.10036730766296387
0.09876108169555664
0.1022028923034668
0.10007739067077637
0.09954714775085449
0.09920263290405273
0.09962773323059082
0.09859752655029297
0.10006237030029297
0.04129362106323242
0.10018801689147949
0.10065627098083496
0.09964656829833984
0.09894943237304688
0.10035419464111328
0.10089731216430664
0.10104727745056152
0.10055208206176758
0.10341286659240723
0.10079073905944824
0.1004798412322998
0.1002511978149414
0.10330367088317871
0.09948039054870605
0.09990596771240234
0.10175299644470215
0.09939432144165039
0.09970641136169434
0.09933757781982422
0.09917473793029785
0.10120916366577148
0.10082173347473145
0.10138702392578125
0.10136175155639648
0.10074496269226074
0.10004305839538574
0.09974360466003418
0.09900999069213867
0.10031867027282715
0.09952926635742188
0.09871196746826172
0.09988069534301758
0.1018972396850586
0.04144120216369629
0.09897041320800781
0.10326457023620605
0.10281920433044434
0.10375833511352539
0.0992128849029541
0.09936165809631348
0.10103106498718262
0.09977054595947266
0.1035614013671875
0.1008145809173584
0.10007762908935547
0.04229116439819336
0.10153555870056152
0.10033464431762695
0.10057544708251953
0.1021585464477539
0.10149168968200684
0.09895467758178711
0.10048389434814453
0.09915995597839355
0.041216135025024414
0.09998464584350586
0.09861230850219727
0.10091209411621094
0.10319256782531738
0.10094547271728516
0.10033774375915527
0.10351157188415527
0.10016894340515137
0.10022521018981934
0.10038518905639648
0.10071587562561035
0.09994363784790039
0.1011056900024414
0.09991049766540527
0.10382580757141113
0.10027456283569336
0.09988713264465332
0.1023402214050293
0.09997296333312988
0.10003852844238281
0.10166478157043457
0.042243003845214844
0.10113263130187988
0.09886622428894043
0.09918093681335449
0.10080671310424805
0.09953927993774414
0.09981513023376465
0.09895110130310059
0.1012122631072998
0.09891009330749512
0.10290384292602539
0.09998893737792969
0.10032320022583008
0.10103082656860352
0.10119318962097168
0.10041427612304688
0.09914088249206543
0.04121065139770508
0.10082340240478516
0.04140043258666992
0.09843683242797852
0.09950566291809082
0.09972214698791504
0.09887242317199707
0.09978628158569336
0.09971094131469727
0.09862542152404785
0.09980225563049316
0.09908652305603027
0.10088348388671875
0.10035252571105957
0.09849882125854492
0.10048484802246094
0.0992739200592041
0.10076093673706055
0.10182070732116699
0.09904670715332031
0.09985923767089844
0.10312891006469727
0.10096287727355957
0.1007072925567627
0.10096430778503418
0.10503983497619629
0.10205292701721191
0.10107684135437012
0.10073709487915039
0.10011887550354004
0.10029077529907227
0.10037612915039062
0.10061264038085938
0.10023164749145508
0.1003561019897461
0.0998530387878418
0.09847664833068848
0.10013246536254883
0.09900403022766113
0.0990598201751709
0.10332155227661133
0.10032463073730469
0.10051703453063965
0.1084294319152832
0.09931826591491699
0.1009223461151123
0.10049223899841309
0.09879875183105469
0.09955358505249023
0.09954094886779785
0.1005547046661377
0.042020320892333984
0.0999605655670166
0.09950494766235352
0.10093832015991211
0.10040998458862305
0.10243821144104004
0.10020852088928223
0.10393047332763672
0.09990739822387695
0.09968948364257812
0.09984827041625977
0.09938979148864746
0.09960055351257324
0.1012415885925293
0.10002517700195312
0.09994363784790039
0.1008749008178711
0.04190778732299805
0.09852242469787598
0.10213112831115723
0.10011720657348633
0.09952402114868164
0.10016226768493652
0.09885454177856445
0.042333364486694336
0.09927511215209961
0.10683798789978027
0.1001124382019043
0.09998321533203125
0.10123944282531738
0.09956145286560059
0.10273241996765137
0.040943145751953125
0.10146141052246094
0.11908602714538574
0.10214853286743164
0.10050606727600098
0.0999457836151123
0.10028815269470215
0.04088616371154785
0.09919071197509766
0.09997391700744629
0.10133147239685059
0.10032439231872559
0.0996549129486084
0.09992289543151855
0.10000085830688477
0.09974384307861328
0.1079249382019043
0.10122060775756836
0.041710615158081055
0.10058426856994629
0.09934878349304199
0.09985613822937012
0.10018229484558105
0.10075068473815918
0.09982967376708984
0.10075902938842773
0.10032010078430176
0.09916138648986816
0.10045623779296875
0.1002652645111084
0.040846824645996094
0.09975576400756836
0.041316986083984375
0.102294921875
0.10468935966491699
0.09919071197509766
0.10035967826843262
0.10017132759094238
0.09930849075317383
0.10051608085632324
0.10015082359313965
0.10038423538208008
0.1002500057220459
0.10079407691955566
0.09924054145812988
0.09981465339660645
0.04102468490600586
0.10058116912841797
0.09921550750732422
0.09912681579589844
0.10033059120178223
0.09926867485046387
0.10081005096435547
0.10114264488220215
0.10087275505065918
0.10055828094482422
0.09868574142456055
0.1026756763458252
0.0993342399597168
0.10090756416320801
0.10184979438781738
0.10042047500610352
0.09978246688842773
0.10035443305969238
0.09962272644042969
0.10005784034729004
0.0410616397857666
0.10042500495910645
0.10170578956604004
0.040999650955200195
0.10085225105285645
0.10142254829406738
0.10061979293823242
0.10153508186340332
0.09947085380554199
0.10169506072998047
0.10359787940979004
0.1004171371459961
0.09913873672485352
0.11748909950256348
0.09953784942626953
0.09890508651733398
0.10077309608459473
0.10764718055725098
0.10288071632385254
0.10030651092529297
0.0988776683807373
0.09960556030273438
0.09995126724243164
0.10303044319152832
0.09982442855834961
0.10076403617858887
0.10776400566101074
0.10701155662536621
0.09955358505249023
0.09893345832824707
0.10403990745544434
0.10071825981140137
0.10027885437011719
0.10181879997253418
0.10096478462219238
0.10109591484069824
0.09950661659240723
0.10199737548828125
0.10098528861999512
0.10018658638000488
0.10105681419372559
0.04126691818237305
0.10044622421264648
0.10719895362854004
0.09978294372558594
0.09842944145202637
0.04095745086669922
0.1004018783569336
0.10228466987609863
0.10103678703308105
0.10098814964294434
0.10018253326416016
0.0995643138885498
0.10089945793151855
0.1013345718383789
0.04144740104675293
0.10076737403869629
0.10243415832519531
0.09897470474243164
0.10184955596923828
0.09974193572998047
0.09992170333862305
0.10009956359863281
0.0992281436920166
0.10035061836242676
0.10002970695495605
0.09967613220214844
0.09947752952575684
0.10214638710021973
0.09903430938720703
0.04080963134765625
0.09934616088867188
0.10291671752929688
0.10040593147277832
0.09981226921081543
0.10405588150024414
0.10132265090942383
0.09826946258544922
0.10035967826843262
0.09977269172668457
0.10009169578552246
0.10222029685974121
0.1062479019165039
0.10426902770996094
0.11870646476745605
0.09872150421142578
0.10026884078979492
0.042266130447387695
0.10082483291625977
0.10109877586364746
0.10322070121765137
0.04142451286315918
0.10397958755493164
0.09910011291503906
0.09925961494445801
0.10102391242980957
0.10869860649108887
0.09971761703491211
0.0996544361114502
0.09962773323059082
0.09943866729736328
0.09996604919433594
0.10046505928039551
0.04131150245666504
0.10453081130981445
0.10042262077331543
0.0991065502166748
0.04129195213317871
0.10245084762573242
0.09995746612548828
0.09975814819335938
0.10283350944519043
0.10003972053527832
0.09885716438293457
0.10332036018371582
0.10027647018432617
0.09961366653442383
0.09959912300109863
0.10165071487426758
0.0992283821105957
0.10098886489868164
0.10171008110046387
0.09928607940673828
0.10013628005981445
0.0988776683807373
0.10059523582458496
0.09973907470703125
0.10089945793151855
0.09989547729492188
0.04130363464355469
0.10042834281921387
0.09914493560791016
0.10062742233276367
0.1082763671875
0.09939789772033691
0.09957718849182129
0.09847283363342285
0.10376214981079102
0.10046505928039551
0.1017448902130127
0.041251420974731445
0.10292434692382812
0.1016535758972168
0.09877634048461914
0.09980082511901855
0.10097098350524902
0.10196518898010254
0.10052371025085449
0.10122346878051758
0.09813499450683594
0.09985542297363281
0.10037064552307129
0.09996366500854492
0.09963583946228027
0.10239863395690918
0.0984039306640625
0.04200434684753418
0.1006615161895752
0.09884190559387207
0.09958314895629883
0.09914517402648926
0.10927414894104004
0.09897089004516602
0.10859918594360352
0.09926795959472656
0.09993433952331543
0.09940719604492188
0.10109400749206543
0.09894490242004395
0.09981822967529297
0.10001039505004883
0.09934210777282715
0.10216498374938965
0.10230016708374023
0.10095715522766113
0.09968447685241699
0.04095029830932617
0.09967899322509766
0.10030674934387207
0.09961414337158203
0.09926748275756836
0.0991048812866211
0.09925508499145508
0.10324716567993164
0.0994269847869873
0.10043215751647949
0.04123544692993164
0.09906220436096191
0.09969854354858398
0.1047220230102539
0.09929609298706055
0.09984207153320312
0.09995150566101074
0.041109323501586914
0.10049772262573242
0.09965729713439941
0.10061836242675781
0.09986495971679688
0.1001291275024414
0.09961271286010742
0.09961628913879395
0.0410761833190918
0.10720515251159668
0.09990191459655762
0.10052084922790527
0.10341548919677734
0.09975814819335938
0.0988013744354248
0.09961557388305664
0.09958481788635254
0.09963226318359375
0.10336518287658691
0.09933996200561523
0.09933900833129883
0.04093503952026367
0.1002349853515625
0.1036226749420166
0.09885525703430176
0.10375261306762695
0.09971475601196289
0.09934306144714355
0.10157537460327148
0.10068416595458984
0.1004488468170166
0.10132527351379395
0.09911489486694336
0.10098004341125488
0.10352110862731934
0.09944701194763184
0.041796207427978516
0.09996175765991211
0.10009264945983887
0.10050559043884277
0.10058236122131348
0.09878730773925781
0.09851264953613281
0.10843586921691895
0.09880852699279785
0.09950923919677734
0.10274052619934082
0.10324668884277344
0.1044917106628418
0.09966206550598145
0.10061144828796387
0.09997224807739258
0.09967255592346191
0.09911561012268066
0.09966325759887695
0.09972643852233887
0.09961414337158203
0.10477781295776367
0.10157275199890137
0.10081672668457031
0.10164809226989746
0.10049080848693848
0.099761962890625
0.10014939308166504
0.1009829044342041
0.041665077209472656
0.10106849670410156
0.09926319122314453
0.09899187088012695
0.1007850170135498
0.10264372825622559
0.10187816619873047
0.10100126266479492
0.10001945495605469
0.1015622615814209
0.10000848770141602
0.10491347312927246
0.10088920593261719
0.09947466850280762
0.10088896751403809
0.10572338104248047
0.09914803504943848
0.09934496879577637
0.10433530807495117
0.0991365909576416
0.09913372993469238
0.10019469261169434
0.09962916374206543
0.0998687744140625
0.10209321975708008
0.10001468658447266
0.09990644454956055
0.09974980354309082
0.09881234169006348
0.10704517364501953
0.10213112831115723
0.10235118865966797
0.0998680591583252
0.09955835342407227
0.10501766204833984
0.09975981712341309
0.09978079795837402
0.10050702095031738
0.09987139701843262
0.10301852226257324
0.10125446319580078
0.10016179084777832
0.1028740406036377
0.10018348693847656
0.09945559501647949
0.10156869888305664
0.09936237335205078
0.10237407684326172
0.10230374336242676
0.10086512565612793
0.10036110877990723
0.09951186180114746
0.10018396377563477
0.041155338287353516
0.10035037994384766
0.09939813613891602
0.10422205924987793
0.09931254386901855
0.09922075271606445
0.10019946098327637
0.0991659164428711
0.10642123222351074
0.10032105445861816
0.09895682334899902
0.09925627708435059
0.09889960289001465
0.1001129150390625
0.09946799278259277
0.10044193267822266
0.1036520004272461
0.09904932975769043
0.10034751892089844
0.09977912902832031
0.09808516502380371
0.09971427917480469
0.1006615161895752
0.10029149055480957
0.10047507286071777
0.09856724739074707
0.09809255599975586
0.10036253929138184
0.09999585151672363
0.09939885139465332
0.10029888153076172
0.10113024711608887
0.10044980049133301
0.10033702850341797
0.04166722297668457
0.10100340843200684
0.1002049446105957
0.09966611862182617
0.09805727005004883
0.10827088356018066
0.10962462425231934
0.09821414947509766
0.10114192962646484
0.09984731674194336
0.1029045581817627
0.10069942474365234
0.09922623634338379
0.09977388381958008
0.09937310218811035
0.09868717193603516
0.0984342098236084
0.09933304786682129
0.0992441177368164
0.09931397438049316
0.10743331909179688
0.09901189804077148
0.0993504524230957
0.09886837005615234
0.10002899169921875
0.09989690780639648
0.10100483894348145
0.10774922370910645
0.09986281394958496
0.09951281547546387
0.09992241859436035
0.1024923324584961
0.10373973846435547
0.10169839859008789
0.0994412899017334
0.10003137588500977
0.09907770156860352
0.09918546676635742
0.09934544563293457
0.09877443313598633
0.1053464412689209
0.09955620765686035
0.09889507293701172
0.0979456901550293
0.04103875160217285
0.09992527961730957
0.09794306755065918
0.10273051261901855
0.041907548904418945
0.09988212585449219
0.09975814819335938
0.0999455451965332
0.10139322280883789
0.09931588172912598
0.09940981864929199
0.09868764877319336
0.0990149974822998
0.09886622428894043
0.10054183006286621
0.09926080703735352
0.09978199005126953
0.0994718074798584
0.09931254386901855
0.10369420051574707
0.10033297538757324
0.09949851036071777
0.10282731056213379
0.09959769248962402
0.10201859474182129
0.10079002380371094
0.09943461418151855
0.10051679611206055
0.10167980194091797
0.09839701652526855
0.09994196891784668
0.04184079170227051
0.10232782363891602
0.09994792938232422
0.10017776489257812
0.10071301460266113
0.10228705406188965
0.09948992729187012
0.1018984317779541
0.10056781768798828
0.10091066360473633
0.10029101371765137
0.10121989250183105
0.09936976432800293
0.10113191604614258
0.10011887550354004
0.10057973861694336
0.09968781471252441
0.09900355339050293
0.10015559196472168
0.10076093673706055
0.10123825073242188
0.09939193725585938
0.10326862335205078
0.10152506828308105
0.10024523735046387
0.041754722595214844
0.09853553771972656
0.09907722473144531
0.09880208969116211
0.0998072624206543
0.09932422637939453
0.10157251358032227
0.10024023056030273
0.09844207763671875
0.1002655029296875
0.09866642951965332
0.09906458854675293
0.04089975357055664
0.108306884765625
0.09948611259460449
0.09985494613647461
0.09936690330505371
0.1040949821472168
0.10024094581604004
0.09914016723632812
0.0996391773223877
0.09970951080322266
0.09911870956420898
0.09878325462341309
0.09981465339660645
0.09948253631591797
0.10023164749145508
0.09915709495544434
0.09929585456848145
0.04075813293457031
0.10003423690795898
0.09912610054016113
0.04093337059020996
0.10033965110778809
0.10047698020935059
0.09966158866882324
0.10330605506896973
0.09937429428100586
0.09959292411804199
0.09910726547241211
0.041014671325683594
0.1008303165435791
0.1059424877166748
0.10046195983886719
0.10212445259094238
0.10012102127075195
0.10061454772949219
0.1002352237701416
0.1022803783416748
0.09908175468444824
0.09902691841125488
0.10036420822143555
0.10059714317321777
0.1004478931427002
0.09930300712585449
0.09899401664733887
0.10000491142272949
0.10074257850646973
0.09942746162414551
0.10029935836791992
0.10185503959655762
0.10158181190490723
0.09952998161315918
0.09927892684936523
0.10197043418884277
0.09922647476196289
0.0983576774597168
0.1028294563293457
0.10026311874389648
0.10130763053894043
0.10004878044128418
0.1028146743774414
0.09987401962280273
0.09976863861083984
0.10091137886047363
0.10006403923034668
0.09826350212097168
0.0989389419555664
0.0994110107421875
0.10034942626953125
0.1003713607788086
0.09808111190795898
0.0989077091217041
0.09916520118713379
0.0995028018951416
0.10332274436950684
0.10147619247436523
0.09997129440307617
0.04104423522949219
0.09934449195861816
0.09965682029724121
0.09973311424255371
0.09856057167053223
0.0996551513671875
0.10058450698852539
0.1002054214477539
0.10008716583251953
0.09937834739685059
0.09934377670288086
0.10140323638916016
0.10510540008544922
0.10578083992004395
0.09919357299804688
0.09936714172363281
0.09935307502746582
0.09859681129455566
0.10051321983337402
0.09963059425354004
0.10064506530761719
0.04063606262207031
0.10018372535705566
0.10045957565307617
0.09964489936828613
0.04062819480895996
0.10023760795593262
0.1004788875579834
0.10314631462097168
0.09901714324951172
0.09881234169006348
0.09991860389709473
0.0998697280883789
0.10058736801147461
0.09935832023620605
0.10063648223876953
0.09867334365844727
0.09917163848876953
0.09952640533447266
0.10333847999572754
0.10225057601928711
0.10018420219421387
0.09950137138366699
0.09983086585998535
0.10206818580627441
0.10075521469116211
0.09910941123962402
0.09895086288452148
0.040825605392456055
0.09878802299499512
0.04185843467712402
0.0993964672088623
0.09989786148071289
0.10042333602905273
0.09958243370056152
0.09944891929626465
0.09962606430053711
0.09956765174865723
0.10906672477722168
0.10124874114990234
0.10141825675964355
0.09892702102661133
0.09878706932067871
0.09898972511291504
0.11020398139953613
0.1000826358795166
0.10035037994384766
0.09947991371154785
0.0997154712677002
0.0997915267944336
0.10341548919677734
0.09964537620544434
0.09944033622741699
0.09891939163208008
0.10048627853393555
0.10009503364562988
0.10207152366638184
0.10029888153076172
0.09934139251708984
0.09844231605529785
0.09896254539489746
0.10064291954040527
0.09940600395202637
0.10076451301574707
0.10178184509277344
0.10425877571105957
0.09862637519836426
0.10115957260131836
0.1001884937286377
0.09948396682739258
0.0989229679107666
0.09879517555236816
0.0993342399597168
0.10122847557067871
0.10274171829223633
0.10004806518554688
0.10148072242736816
0.10074329376220703
0.10048460960388184
0.10157275199890137
0.09932637214660645
0.09913992881774902
0.041097164154052734
0.09944653511047363
0.09999799728393555
0.10074234008789062
0.10449481010437012
0.09920096397399902
0.098236083984375
0.09866595268249512
0.10016322135925293
0.1005392074584961
0.10003876686096191
0.10030531883239746
0.041116952896118164
0.10427594184875488
0.09973263740539551
0.10030150413513184
0.10059833526611328
0.04149913787841797
0.10043811798095703
0.09925174713134766
0.09976506233215332
0.0989980697631836
0.09969854354858398
0.09908223152160645
0.10013389587402344
0.10278916358947754
0.10130548477172852
0.1013033390045166
0.09934353828430176
0.09840035438537598
0.09951257705688477
0.10045552253723145
0.09990310668945312
0.10038423538208008
0.09834408760070801
0.10032272338867188
0.10051751136779785
0.09950828552246094
0.10004544258117676
0.10225391387939453
0.10053777694702148
0.10031366348266602
0.09968304634094238
0.09963798522949219
0.10033512115478516
0.10076284408569336
0.10011100769042969
0.09991693496704102
0.10026240348815918
0.09984421730041504
0.1003108024597168
0.10399317741394043
0.10111618041992188
0.10040140151977539
0.09999990463256836
0.10192632675170898
0.09936189651489258
0.10280656814575195
0.09925556182861328
0.10026979446411133
0.09914994239807129
0.1020810604095459
0.09975671768188477
0.09989786148071289
0.04206681251525879
0.04116010665893555
0.09977102279663086
0.10135865211486816
0.09936666488647461
0.09953045845031738
0.10055804252624512
0.09982585906982422
0.10053896903991699
0.1009669303894043
0.09900903701782227
0.04125380516052246
0.10075259208679199
0.10083866119384766
0.10014843940734863
0.10013103485107422
0.10824942588806152
0.09946322441101074
0.10029792785644531
0.10024642944335938
0.10245943069458008
0.10030865669250488
0.10251498222351074
0.10039997100830078
0.10035395622253418
0.10012078285217285
0.09965896606445312
0.10045266151428223
0.10021734237670898
0.10113239288330078
0.10114789009094238
0.10059738159179688
0.10082721710205078
0.10107541084289551
0.09954619407653809
0.09861159324645996
0.1004035472869873
0.10106587409973145
0.09961938858032227
0.10074853897094727
0.04114699363708496
0.04123806953430176
0.10070538520812988
0.10076761245727539
0.10116291046142578
0.04117560386657715
0.09971213340759277
0.09952497482299805
0.09973430633544922
0.10158467292785645
0.10227155685424805
0.0998830795288086
0.04116225242614746
0.09929132461547852
0.0992884635925293
0.10036945343017578
0.0998995304107666
0.10217094421386719
0.09853267669677734
0.10019922256469727
0.10109138488769531
0.10215115547180176
0.0990288257598877
0.04134511947631836
0.10035181045532227
0.10192751884460449
0.10091376304626465
0.10435295104980469
0.09944677352905273
0.10079479217529297
0.09982419013977051
0.041246891021728516
0.10121631622314453
0.04112601280212402
0.09976649284362793
0.10388922691345215
0.10100340843200684
0.1032111644744873
0.10416746139526367
0.10162639617919922
0.0982675552368164
0.11025571823120117
0.0997776985168457
0.09920668601989746
0.09915876388549805
0.09949493408203125
0.10850095748901367
0.09993982315063477
0.09993529319763184
0.09969258308410645
0.10070490837097168
0.09985756874084473
0.09998083114624023
0.10121560096740723
0.10491204261779785
0.10016155242919922
0.0994727611541748
0.10027909278869629
0.09948110580444336
0.10006403923034668
0.09927964210510254
0.0997762680053711
0.04200482368469238
0.09969353675842285
0.10077333450317383
0.10910987854003906
0.09895110130310059
0.10076332092285156
0.10073161125183105
0.04103255271911621
0.09997844696044922
0.09882831573486328
0.10196948051452637
0.1003103256225586
0.10005950927734375
0.09929418563842773
0.09897971153259277
0.10082340240478516
0.10071802139282227
0.10022592544555664
0.10522127151489258
0.10017251968383789
0.10154485702514648
0.10410261154174805
0.10093474388122559
0.10260152816772461
0.04110550880432129
0.04197120666503906
0.10110163688659668
0.09997868537902832
0.09924077987670898
0.10011076927185059
0.10430169105529785
0.09932112693786621
0.0418856143951416
0.041397809982299805
0.10373163223266602
0.1006159782409668
0.09927988052368164
0.09948921203613281
0.0995790958404541
0.09914302825927734
0.09959053993225098
0.10107612609863281
0.10049891471862793
0.10003137588500977
0.10209965705871582
0.10011458396911621
0.10478043556213379
0.09951972961425781
0.10085773468017578
0.10075974464416504
0.0995476245880127
0.10338258743286133
0.10013604164123535
0.04217982292175293
0.1043238639831543
0.09922575950622559
0.10028982162475586
0.10075521469116211
0.09975600242614746
0.10255098342895508
0.09996604919433594
0.10003471374511719
0.09844064712524414
0.10141515731811523
0.10023856163024902
0.09926152229309082
0.041307687759399414
0.10044550895690918
0.041106462478637695
0.10314822196960449
0.10110306739807129
0.10105013847351074
0.04221940040588379
0.09983539581298828
0.10198664665222168
0.10252809524536133
0.041303157806396484
0.10885119438171387
0.10033273696899414
0.10220217704772949
0.10252594947814941
0.09954333305358887
0.10051608085632324
0.10012292861938477
0.10023832321166992
0.10098767280578613
0.10819840431213379
0.10003662109375
0.0995023250579834
0.09941577911376953
0.10197114944458008
0.0993659496307373
0.09980916976928711
0.10237646102905273
0.10056328773498535
0.041251182556152344
0.09984278678894043
0.0998833179473877
0.10168075561523438
0.09950017929077148
0.10091352462768555
0.10170269012451172
0.0994110107421875
0.09936881065368652
0.041147470474243164
0.04135584831237793
0.10076403617858887
0.1028897762298584
0.09917449951171875
0.10014224052429199
0.09917616844177246
0.098846435546875
0.10020303726196289
0.09985184669494629
0.10103011131286621
0.10227012634277344
0.10069060325622559
0.10060977935791016
0.10149693489074707
0.10213851928710938
0.09969186782836914
0.0985727310180664
0.10055279731750488
0.10210204124450684
0.10035300254821777
0.10098409652709961
0.09981679916381836
0.10024285316467285
0.09978532791137695
0.09995293617248535
0.10093069076538086
0.10084891319274902
0.1014857292175293
0.04111623764038086
0.10166645050048828
0.10034704208374023
0.10040450096130371
0.09991788864135742
0.1012270450592041
0.0994875431060791
0.10057306289672852
0.10434651374816895
0.0999913215637207
0.10305595397949219
0.1001133918762207
0.10031270980834961
0.10123467445373535
0.10104775428771973
0.1007528305053711
0.1008291244506836
0.09962940216064453
0.10017895698547363
0.09917688369750977
0.0991060733795166
0.10423636436462402
0.1006002426147461
0.042327880859375
0.09948945045471191
0.10019898414611816
0.1003267765045166
0.10011458396911621
0.10474753379821777
0.10161018371582031
0.10748457908630371
0.0994880199432373
0.10044217109680176
0.0993807315826416
0.10046076774597168
0.10048508644104004
0.1090238094329834
0.09963107109069824
0.1199028491973877
0.09967708587646484
0.09894537925720215
0.041124820709228516
0.10016179084777832
0.09999465942382812
0.10028433799743652
0.10022854804992676
0.09877562522888184
0.09960651397705078
0.11034154891967773
0.09991312026977539
0.10331916809082031
0.10039877891540527
0.0995185375213623
0.10070037841796875
0.04124093055725098
0.09923529624938965
0.1005094051361084
0.10163140296936035
0.10000419616699219
0.09991097450256348
0.10482192039489746
0.10039925575256348
0.09907960891723633
0.09997081756591797
0.10169792175292969
0.09971046447753906
0.10956549644470215
0.09984278678894043
0.10009336471557617
0.10450124740600586
0.10200357437133789
0.1000056266784668
0.04227328300476074
0.10019397735595703
0.10050749778747559
0.10104703903198242
0.10082387924194336
0.1032569408416748
0.09966325759887695
0.09951043128967285
0.1001744270324707
0.10030055046081543
0.10098409652709961
0.09971141815185547
0.10099935531616211
0.09879732131958008
0.10778021812438965
0.10056805610656738
0.09976530075073242
0.10179758071899414
0.10032963752746582
0.10174727439880371
0.10000300407409668
0.10257434844970703
0.10382938385009766
0.09977984428405762
0.10074162483215332
0.10532832145690918
0.10436582565307617
0.09990620613098145
0.04223465919494629
0.10000920295715332
0.10137081146240234
0.09996271133422852
0.10333490371704102
0.10119938850402832
0.10037088394165039
0.04113459587097168
0.10234570503234863
0.09936165809631348
0.09943127632141113
0.10092020034790039
0.10121607780456543
0.09981751441955566
0.10069608688354492
0.10153889656066895
0.0999746322631836
0.109619140625
0.10016655921936035
0.10075664520263672
0.1016535758972168
0.10140681266784668
0.0999455451965332
0.10109972953796387
0.04209494590759277
0.10104703903198242
0.1005251407623291
0.09952497482299805
0.09966421127319336
0.09973597526550293
0.10000824928283691
0.10081076622009277
0.10007190704345703
0.10120534896850586
0.10053849220275879
0.09941768646240234
0.10141539573669434
0.1009974479675293
0.10011768341064453
0.10031342506408691
0.10226249694824219
0.09945297241210938
0.10246753692626953
0.10053706169128418
0.09982609748840332
0.10085439682006836
0.10078215599060059
0.09912419319152832
0.10007596015930176
0.10202431678771973
0.09952235221862793
0.04310727119445801
0.10014963150024414
0.10080409049987793
0.10035037994384766
0.10021471977233887
0.10048103332519531
0.10095000267028809
0.10023236274719238
0.10214948654174805
0.10140585899353027
0.0998988151550293
0.09982657432556152
0.1017451286315918
0.10037446022033691
0.10207891464233398
0.10328006744384766
0.10079050064086914
0.09930753707885742
0.10001373291015625
0.10229659080505371
0.09842705726623535
0.09941935539245605
0.10189580917358398
0.10224795341491699
0.12156152725219727
0.09987688064575195
0.10175967216491699
0.10130882263183594
0.09867596626281738
0.09943366050720215
0.100189208984375
0.10125565528869629
0.10018467903137207
0.09957051277160645
0.10092926025390625
0.10032820701599121
0.10015106201171875
0.09986424446105957
0.09983205795288086
0.10041189193725586
0.1000361442565918
0.09954309463500977
0.0999152660369873
0.1003580093383789
0.10061216354370117
0.10129570960998535
0.09935164451599121
0.10078310966491699
0.10064244270324707
0.09999585151672363
0.09949588775634766
0.10013723373413086
0.10019922256469727
0.10076117515563965
0.0993037223815918
0.10016822814941406
0.10520768165588379
0.1009511947631836
0.09866595268249512
0.10305905342102051
0.09995818138122559
0.10345864295959473
0.10012340545654297
0.10129094123840332
0.09972691535949707
0.1034553050994873
0.10001516342163086
0.09968304634094238
0.1001749038696289
0.10256409645080566
0.09972453117370605
0.1110992431640625
0.09929537773132324
0.09955835342407227
0.10197210311889648
0.10097360610961914
0.10092449188232422
0.09942412376403809
0.10053563117980957
0.0999138355255127
0.10177302360534668
0.04110074043273926
0.1000208854675293
0.04123187065124512
0.1000065803527832
0.10055088996887207
0.10313534736633301
0.09931802749633789
0.09952640533447266
0.10395264625549316
0.1028594970703125
0.09987926483154297
0.10082268714904785
0.10053133964538574
0.10063600540161133
0.09958267211914062
0.10087013244628906
0.10019493103027344
0.10129094123840332
0.1035609245300293
0.09889388084411621
0.09974884986877441
0.09971928596496582
0.09931755065917969
0.0994110107421875
0.10066413879394531
0.09963417053222656
0.09971046447753906
0.0999915599822998
0.10022902488708496
0.0997776985168457
0.09919977188110352
0.09961175918579102
0.10824108123779297
0.10128188133239746
0.09998440742492676
0.100555419921875
0.10019779205322266
0.04149627685546875
0.10109424591064453
0.10103940963745117
0.09878897666931152
0.0989542007446289
0.09992122650146484
0.10057592391967773
0.10048580169677734
0.10114073753356934
0.09991312026977539
0.1007990837097168
0.09939980506896973
0.10209989547729492
0.0993497371673584
0.09960246086120605
0.09951949119567871
0.10031938552856445
0.041338205337524414
0.10501432418823242
0.10046243667602539
0.09871649742126465
0.10424423217773438
0.10049915313720703
0.10351324081420898
0.10790824890136719
0.09972000122070312
0.09994387626647949
0.09986519813537598
0.1004629135131836
0.09977889060974121
0.0998847484588623
0.10539412498474121
0.10007572174072266
0.10196781158447266
0.10113358497619629
0.0996098518371582
0.1009674072265625
0.10014700889587402
0.09904599189758301
0.10244941711425781
0.10266327857971191
0.09943723678588867
0.10397744178771973
0.09933757781982422
0.09830451011657715
0.09949707984924316
0.1007089614868164
0.1019599437713623
0.1004030704498291
0.1090703010559082
0.1052391529083252
0.09983062744140625
0.09951376914978027
0.09966421127319336
0.10340166091918945
0.09897828102111816
0.09904789924621582
0.10195279121398926
0.10254621505737305
0.11810731887817383
0.10046720504760742
0.10065889358520508
0.0997004508972168
0.1040494441986084
0.1010136604309082
0.0993351936340332
0.09909963607788086
0.10012412071228027
0.10051536560058594
0.10091161727905273
0.10315847396850586
0.09940695762634277
0.10771465301513672
0.10297083854675293
0.10037541389465332
0.10056281089782715
0.10069870948791504
0.10312747955322266
0.0999460220336914
0.10067057609558105
0.10370588302612305
0.09869503974914551
0.10035347938537598
0.10111165046691895
0.1001594066619873
0.043257951736450195
0.10273122787475586
0.04339861869812012
0.10161232948303223
0.10463404655456543
0.10086369514465332
0.10771656036376953
0.10023069381713867
0.10096883773803711
0.09969162940979004
0.10756134986877441
0.09890890121459961
0.10009479522705078
0.10061502456665039
0.09899783134460449
0.09940576553344727
0.10804605484008789
0.0998678207397461
0.09954977035522461
0.09942960739135742
0.09974527359008789
0.09893631935119629
0.10227751731872559
0.10068130493164062
0.1000206470489502
0.10227155685424805
0.10099482536315918
0.10052943229675293
0.0996096134185791
0.10021138191223145
0.10083293914794922
0.1011960506439209
0.10056138038635254
0.10395932197570801
0.09981203079223633
0.10009193420410156
0.10101151466369629
0.1104583740234375
0.09953713417053223
0.10659956932067871
0.10256004333496094
0.09968376159667969
0.11058187484741211
0.09931230545043945
0.09993338584899902
0.10094571113586426
0.10098052024841309
0.10161685943603516
0.10775160789489746
0.10082793235778809
0.10045194625854492
0.10184574127197266
0.10237789154052734
0.1002357006072998
0.10221266746520996
0.1172797679901123
0.11008906364440918
0.10074281692504883
0.10002636909484863
0.10010671615600586
0.10014200210571289
0.10024118423461914
0.10189652442932129
0.10134601593017578
0.10198497772216797
0.10030555725097656
0.10085868835449219
0.1073465347290039
0.10038924217224121
0.04127025604248047
0.09974050521850586
0.10472989082336426
0.10355496406555176
0.10034608840942383
0.10063719749450684
0.10051894187927246
0.10251665115356445
0.09989738464355469
0.10059094429016113
0.04126381874084473
0.10496115684509277
0.042432546615600586
0.10000944137573242
0.10057616233825684
0.09925460815429688
0.09980392456054688
0.10071754455566406
0.09921646118164062
0.10020661354064941
0.10059332847595215
0.10036253929138184
0.09823465347290039
0.0420842170715332
0.10721325874328613
0.09922027587890625
0.10904192924499512
0.09977197647094727
0.10062527656555176
0.10107016563415527
0.10032868385314941
0.0997309684753418
0.099945068359375
0.09970998764038086
0.10030364990234375
0.1010892391204834
0.10145950317382812
0.10101032257080078
0.10187101364135742
0.10005545616149902
0.10023117065429688
0.09961771965026855
0.09934282302856445
0.10196089744567871
0.10057234764099121
0.10170507431030273
0.09994316101074219
0.10132741928100586
0.0993955135345459
0.10075211524963379
0.09827136993408203
0.10067439079284668
0.1012125015258789
0.10032010078430176
0.1004953384399414
0.09982681274414062
0.09992384910583496
0.10142159461975098
0.10121703147888184
0.04145407676696777
0.10074520111083984
0.09949183464050293
0.041346073150634766
0.1006770133972168
0.11944961547851562
0.09920811653137207
0.0997772216796875
0.10042357444763184
0.0991828441619873
0.09906649589538574
0.10020160675048828
0.10056757926940918
0.10046648979187012
0.09989595413208008
0.09957218170166016
0.0413205623626709
0.10031461715698242
0.10766005516052246
0.0998830795288086
0.10008907318115234
0.10386300086975098
0.04142165184020996
0.10066986083984375
0.09988117218017578
0.09961843490600586
0.09981131553649902
0.10102248191833496
0.10150742530822754
0.04215860366821289
0.10179495811462402
0.1001131534576416
0.10060286521911621
0.10008001327514648
0.1000823974609375
0.10007810592651367
0.09858417510986328
0.10889577865600586
0.09977006912231445
0.09981465339660645
0.09981751441955566
0.10153841972351074
0.10138630867004395
0.10011911392211914
0.1003410816192627
0.041570186614990234
0.10129213333129883
0.10075855255126953
0.10059237480163574
0.10342907905578613
0.10144305229187012
0.10214352607727051
0.10310864448547363
0.09981417655944824
0.10033011436462402
0.10106682777404785
0.09981846809387207
0.09853386878967285
0.09923291206359863
0.09998631477355957
0.09916114807128906
0.10011911392211914
0.10082697868347168
0.10237646102905273
0.10026311874389648
0.10016798973083496
0.09982824325561523
0.09834957122802734
0.10058450698852539
0.09983515739440918
0.10341978073120117
0.1006171703338623
0.09978747367858887
0.09895777702331543
0.10379862785339355
0.10092592239379883
0.09993863105773926
0.10099506378173828
0.10888314247131348
0.10162901878356934
0.10119462013244629
0.09994888305664062
0.10092806816101074
0.1004483699798584
0.0998539924621582
0.041493892669677734
0.10358405113220215
0.1037747859954834
0.09927082061767578
0.10065531730651855
0.10459518432617188
0.10107922554016113
0.10045170783996582
0.09959745407104492
0.10011434555053711
0.041434526443481445
0.1008303165435791
0.10085058212280273
0.10076642036437988
0.09936690330505371
0.10109663009643555
0.10018754005432129
0.1006016731262207
0.10019278526306152
0.10071349143981934
0.0999600887298584
0.10106945037841797
0.10006904602050781
0.10164284706115723
0.10274195671081543
0.10054278373718262
0.09964704513549805
0.09938192367553711
0.10159134864807129
0.10143160820007324
0.09917616844177246
0.10040092468261719
0.09998822212219238
0.09993338584899902
0.10117530822753906
0.10085105895996094
0.0999608039855957
0.09939002990722656
0.09950137138366699
0.10038352012634277
0.09976816177368164
0.10137748718261719
0.10036945343017578
0.10253620147705078
0.10209107398986816
0.09882664680480957
0.10001921653747559
0.10337591171264648
0.09968209266662598
0.10221219062805176
0.10014033317565918
0.10303616523742676
0.09956812858581543
0.10137462615966797
0.10746073722839355
0.10099434852600098
0.10007882118225098
0.10082459449768066
0.10050392150878906
0.10008096694946289
0.0991215705871582
0.10105252265930176
0.09889698028564453
0.1009364128112793
0.10026979446411133
0.10025143623352051
0.10007643699645996
0.09910225868225098
0.10014176368713379
0.10157656669616699
0.09964561462402344
0.10010290145874023
0.10062313079833984
0.10090517997741699
0.10370397567749023
0.10175895690917969
0.10115504264831543
0.10025739669799805
0.10026812553405762
0.09958505630493164
0.09965252876281738
0.1007688045501709
0.10090804100036621
0.10039806365966797
0.10082530975341797
0.10151147842407227
0.09931588172912598
0.09913969039916992
0.1001737117767334
0.10002923011779785
0.09953665733337402
0.10110831260681152
0.09977459907531738
0.10074496269226074
0.10044407844543457
0.1013648509979248
0.1003572940826416
0.10037875175476074
0.10073685646057129
0.10029363632202148
0.10041928291320801
0.1013648509979248
0.10096359252929688
0.10089111328125
0.10058879852294922
0.04139256477355957
0.09924936294555664
0.10203838348388672
0.1006467342376709
0.09916353225708008
0.10037517547607422
0.10148954391479492
0.0999612808227539
0.1049504280090332
0.10056185722351074
0.10030412673950195
0.09985065460205078
0.10067033767700195
0.10392451286315918
0.09977126121520996
0.09991860389709473
0.10028266906738281
0.1016840934753418
0.10199594497680664
0.10094547271728516
0.09917068481445312
0.0997323989868164
0.09989762306213379
0.09955477714538574
0.09861874580383301
0.10210132598876953
0.10223913192749023
0.10107231140136719
0.09981155395507812
0.10155630111694336
0.10778617858886719
0.10090088844299316
0.09960746765136719
0.10003519058227539
0.09915399551391602
0.09951400756835938
0.09974169731140137
0.10084652900695801
0.10138297080993652
0.09967708587646484
0.09979987144470215
0.041487693786621094
0.09983372688293457
0.10130882263183594
0.09885311126708984
0.1014711856842041
0.09980082511901855
0.10315608978271484
0.09888100624084473
0.10021662712097168
0.10141801834106445
0.10267257690429688
0.09949684143066406
0.10099411010742188
0.09981775283813477
0.10060715675354004
0.09918045997619629
0.09938406944274902
0.1001441478729248
0.09990167617797852
0.04335927963256836
0.10012292861938477
0.09843635559082031
0.09975457191467285
0.1001286506652832
0.1005239486694336
0.0999755859375
0.10067629814147949
0.1010899543762207
0.10666918754577637
0.10060334205627441
0.10234498977661133
0.09958624839782715
0.09895610809326172
0.10254740715026855
0.1026914119720459
0.10244107246398926
0.0995631217956543
0.09963464736938477
0.10035824775695801
0.09976601600646973
0.09968018531799316
0.10112476348876953
0.0979921817779541
0.09971332550048828
0.1001124382019043
0.10144567489624023
0.10372710227966309
0.10448575019836426
0.10209774971008301
0.1042795181274414
0.10076284408569336
0.0997471809387207
0.09857559204101562
0.09999728202819824
0.10015606880187988
0.10293054580688477
0.10299825668334961
0.10016775131225586
0.10331058502197266
0.09978199005126953
0.10018157958984375
0.10006117820739746
0.09996581077575684
0.0995941162109375
0.1007845401763916
0.0988013744354248
0.09993362426757812
0.09998512268066406
0.09954285621643066
0.09934520721435547
0.0993950366973877
0.10091590881347656
0.10029721260070801
0.09893417358398438
0.09867310523986816
0.0999002456665039
0.0998525619506836
0.1007540225982666
0.0992591381072998
0.09984683990478516
0.09918069839477539
0.10073685646057129
0.09990739822387695
0.09962654113769531
0.09956192970275879
0.10022211074829102
0.10084128379821777
0.09905838966369629
0.09988737106323242
0.09998345375061035
0.10358500480651855
0.10052800178527832
0.10006570816040039
0.10114359855651855
0.10040163993835449
0.09933996200561523
0.10937047004699707
0.09876251220703125
0.09979605674743652
0.1026909351348877
0.0992729663848877
0.09889411926269531
0.10166335105895996
0.10078072547912598
0.09815144538879395
0.1001582145690918
0.10143041610717773
0.09943270683288574
0.09900665283203125
0.09958982467651367
0.09890508651733398
0.1011209487915039
0.10092949867248535
0.09984111785888672
0.0418705940246582
0.10010623931884766
0.0998842716217041
0.09894299507141113
0.0995635986328125
0.09981751441955566
0.10042500495910645
0.10112452507019043
0.10414719581604004
0.09965872764587402
0.09905552864074707
0.09885406494140625
0.1027374267578125
0.10059881210327148
0.10472249984741211
0.09801697731018066
0.10007834434509277
0.04111313819885254
0.041251420974731445
0.10754656791687012
0.10067939758300781
0.09988236427307129
0.10347628593444824
0.10056805610656738
0.10017037391662598
0.09974050521850586
0.09908533096313477
0.10202312469482422
0.0412595272064209
0.041373491287231445
0.10069870948791504
0.10240292549133301
0.1007988452911377
0.09958982467651367
0.10432219505310059
0.10227417945861816
