0.5294301509857178
0.24689960479736328
0.2412705421447754
0.10346269607543945
0.1022331714630127
0.10300803184509277
0.1026163101196289
0.10231518745422363
0.10149478912353516
0.10227656364440918
0.10254788398742676
0.10217118263244629
0.10251832008361816
0.10098099708557129
0.10165095329284668
0.10276961326599121
0.10038471221923828
0.101837158203125
0.10223722457885742
0.10236310958862305
0.10092782974243164
0.10172605514526367
0.10104775428771973
0.10203313827514648
0.10193872451782227
0.10135579109191895
0.10460257530212402
0.10173702239990234
0.10155391693115234
0.10271835327148438
0.10121846199035645
0.10193514823913574
0.1022789478302002
0.10106372833251953
0.10175418853759766
0.10127639770507812
0.10201072692871094
0.10175633430480957
0.10194969177246094
0.10117125511169434
0.10170865058898926
0.1024315357208252
0.10256552696228027
0.10165214538574219
0.1020200252532959
0.10238361358642578
0.10069131851196289
0.10307097434997559
0.10288190841674805
0.10243558883666992
0.10278606414794922
0.10139703750610352
0.10174322128295898
0.1035146713256836
0.10197091102600098
0.10306835174560547
0.10162043571472168
0.10112810134887695
0.1021573543548584
0.10161614418029785
0.10306906700134277
0.10261821746826172
0.10173773765563965
0.10121536254882812
0.10252737998962402
0.10150647163391113
0.10193109512329102
0.10561347007751465
0.10341548919677734
0.10168719291687012
0.10283589363098145
0.10247611999511719
0.10171985626220703
0.10086321830749512
0.10286498069763184
0.10133576393127441
0.10137009620666504
0.10233902931213379
0.10153675079345703
0.10197663307189941
0.10174393653869629
0.10208845138549805
0.10309481620788574
0.10108327865600586
0.1024017333984375
0.10315299034118652
0.10150408744812012
0.1017768383026123
0.10324287414550781
0.10155630111694336
0.1029963493347168
0.10195422172546387
0.10154032707214355
0.1030423641204834
0.10305547714233398
0.10108590126037598
0.10285329818725586
0.10191535949707031
0.10406661033630371
0.10348343849182129
0.10309481620788574
0.1021735668182373
0.10546255111694336
0.10164356231689453
0.10106849670410156
0.10168719291687012
0.10064435005187988
0.10176348686218262
0.10159564018249512
0.10159683227539062
0.10276055335998535
0.10139608383178711
0.10294270515441895
0.10190796852111816
0.10279178619384766
0.10195231437683105
0.1014258861541748
0.10212326049804688
0.1030128002166748
0.10224771499633789
0.10172581672668457
0.10195565223693848
0.10271978378295898
0.10435199737548828
0.10163021087646484
0.1015772819519043
0.10282778739929199
0.10108494758605957
0.1012566089630127
0.10057926177978516
0.10127925872802734
0.1023564338684082
0.10372066497802734
0.10254788398742676
0.10330843925476074
0.10412955284118652
0.10141539573669434
0.10169625282287598
0.10152530670166016
0.10178041458129883
0.10127997398376465
0.10055351257324219
0.10499382019042969
0.10242056846618652
0.1006925106048584
0.10321474075317383
0.10445070266723633
0.1035301685333252
0.1024320125579834
0.1029043197631836
0.10234618186950684
0.10355114936828613
0.10274291038513184
0.10236454010009766
0.1023869514465332
0.10331487655639648
0.10128545761108398
0.10327267646789551
0.10271143913269043
0.10101628303527832
0.10285115242004395
0.10289835929870605
0.10259819030761719
0.10310935974121094
0.10270285606384277
0.10233569145202637
0.10105252265930176
0.10293889045715332
0.10196638107299805
0.10083460807800293
0.10203909873962402
0.1018669605255127
0.10600495338439941
0.10149049758911133
0.10196685791015625
0.10318160057067871
0.10298323631286621
0.10232162475585938
0.10330891609191895
0.10240769386291504
0.10184693336486816
0.10080075263977051
0.10140180587768555
0.10263848304748535
0.10041093826293945
0.10114789009094238
0.10215473175048828
0.10132622718811035
0.10162210464477539
0.10237860679626465
0.10239529609680176
0.10065889358520508
0.10177206993103027
0.10260152816772461
0.10279989242553711
0.10297536849975586
0.10240530967712402
0.10180425643920898
0.10238432884216309
0.1019749641418457
0.10205650329589844
0.1022031307220459
0.10141730308532715
0.10103344917297363
0.10314273834228516
0.10137391090393066
0.1026158332824707
0.10036301612854004
0.10145354270935059
0.10192251205444336
0.0994117259979248
0.1039581298828125
0.10246109962463379
0.10141372680664062
0.10197901725769043
0.10257220268249512
0.10168957710266113
0.10178852081298828
0.10122132301330566
0.10218954086303711
0.10256552696228027
0.10173225402832031
0.10333895683288574
0.10284972190856934
0.10248541831970215
0.10064697265625
0.10156655311584473
0.10101437568664551
0.10066556930541992
0.10238313674926758
0.10223960876464844
0.10198688507080078
0.10148906707763672
0.10157299041748047
0.10206103324890137
0.10277128219604492
0.10276341438293457
0.10115504264831543
0.10105156898498535
0.10067987442016602
0.10086894035339355
0.102081298828125
0.1007988452911377
0.10310578346252441
0.10210180282592773
0.10223937034606934
0.10105395317077637
0.10176897048950195
0.10109424591064453
0.10125160217285156
0.10090065002441406
0.10132575035095215
0.10304784774780273
0.10215234756469727
0.10144424438476562
0.10032773017883301
0.10088491439819336
0.10372138023376465
0.10119438171386719
0.10191130638122559
0.10165643692016602
0.10200929641723633
0.1022195816040039
0.10233354568481445
0.10190200805664062
0.10167121887207031
0.10296487808227539
0.10187458992004395
0.10129046440124512
0.10129833221435547
0.10089254379272461
0.10236692428588867
0.10214352607727051
0.10146093368530273
0.10037422180175781
0.1027374267578125
0.10303497314453125
0.10106492042541504
0.10221600532531738
0.10151195526123047
0.10311627388000488
0.10234212875366211
0.10202336311340332
0.10108566284179688
0.10221242904663086
0.10025763511657715
0.1017601490020752
0.10217690467834473
0.10090160369873047
0.10225033760070801
0.09995770454406738
0.10140323638916016
0.1019287109375
0.10107851028442383
0.10241913795471191
0.10230255126953125
0.10137724876403809
0.10137343406677246
0.10144901275634766
0.10140848159790039
0.10141396522521973
0.10234832763671875
0.10079336166381836
0.1023719310760498
0.10142040252685547
0.10194945335388184
0.1025691032409668
0.1020348072052002
0.10228395462036133
0.10066580772399902
0.10123968124389648
0.10316038131713867
0.10402226448059082
0.1027994155883789
0.1017751693725586
0.10335564613342285
0.10333251953125
0.10316038131713867
0.10235834121704102
0.10141301155090332
0.10189104080200195
0.10137343406677246
0.10081839561462402
0.10195374488830566
0.10279703140258789
0.10298323631286621
0.10028743743896484
0.10247611999511719
0.10194087028503418
0.10267972946166992
0.10129809379577637
0.1009526252746582
0.10230898857116699
0.10152530670166016
0.10210585594177246
0.10201668739318848
0.10236597061157227
0.10194015502929688
0.10166001319885254
0.10186886787414551
0.10184550285339355
0.10126376152038574
0.10144376754760742
0.1033785343170166
0.10222268104553223
0.10370111465454102
0.10099363327026367
0.10340142250061035
0.10154962539672852
0.10178565979003906
0.10176992416381836
0.10094046592712402
0.10236597061157227
0.10289216041564941
0.10151410102844238
0.1025238037109375
0.10182833671569824
0.10300040245056152
0.10210061073303223
0.10294246673583984
0.10092854499816895
0.10231423377990723
0.10114145278930664
0.10151338577270508
0.10116410255432129
0.10103559494018555
0.10103917121887207
0.10216450691223145
0.1023869514465332
0.10101580619812012
0.10092496871948242
0.10164380073547363
0.10280179977416992
0.10323953628540039
0.10324764251708984
0.10193562507629395
0.10239028930664062
0.10378670692443848
0.10130715370178223
0.10274553298950195
0.10122990608215332
0.10248923301696777
0.10266423225402832
0.1020059585571289
0.10190105438232422
0.10151553153991699
0.10222363471984863
0.10079431533813477
0.10203003883361816
0.10314011573791504
0.10241842269897461
0.10195589065551758
0.1019144058227539
0.1019439697265625
0.10131001472473145
0.1022498607635498
0.10144567489624023
0.10245990753173828
0.1022334098815918
0.10376191139221191
0.10145401954650879
0.10159492492675781
0.10309815406799316
0.10115933418273926
0.10286736488342285
0.10258364677429199
0.10278797149658203
0.10281920433044434
0.10202836990356445
0.10106992721557617
0.10321044921875
0.10089826583862305
0.10323500633239746
0.10276436805725098
0.1024923324584961
0.10054183006286621
0.10248708724975586
0.10257816314697266
0.10226655006408691
0.1027369499206543
0.10237717628479004
0.100311279296875
0.10166049003601074
0.10188055038452148
0.10069870948791504
0.10123896598815918
0.10162830352783203
0.1030573844909668
0.10223507881164551
0.10150790214538574
0.10219717025756836
0.1010134220123291
0.10269927978515625
0.10310912132263184
0.10072898864746094
0.10231351852416992
0.10244989395141602
0.10141229629516602
0.10255765914916992
0.10297489166259766
0.10240864753723145
0.10272502899169922
0.10290980339050293
0.10289478302001953
0.10315799713134766
0.10049962997436523
0.10259366035461426
0.1019284725189209
0.10070991516113281
0.10140848159790039
0.10276579856872559
0.10097885131835938
0.10122203826904297
0.10068941116333008
0.10077667236328125
0.10134291648864746
0.10152626037597656
0.1028585433959961
0.1016838550567627
0.10162091255187988
0.10232257843017578
0.10123038291931152
0.10260415077209473
0.1023256778717041
0.1026301383972168
0.10107827186584473
0.10157990455627441
0.10237288475036621
0.10167074203491211
0.09934329986572266
0.1022806167602539
0.10076117515563965
0.10052800178527832
0.1016240119934082
0.10120630264282227
0.10048413276672363
0.10089969635009766
0.10183596611022949
0.10196971893310547
0.10135054588317871
0.10469365119934082
0.10110783576965332
0.10056853294372559
0.10047435760498047
0.10139131546020508
0.10234904289245605
0.10173583030700684
0.10169029235839844
0.1019735336303711
0.10298657417297363
0.10243606567382812
0.10171794891357422
0.10336041450500488
0.10231208801269531
0.10264015197753906
0.1032111644744873
0.10276222229003906
0.10240554809570312
0.10195207595825195
0.1021108627319336
0.10126757621765137
0.1018211841583252
0.10274147987365723
0.10150456428527832
0.10277748107910156
0.10318517684936523
0.10227274894714355
0.10258841514587402
0.10090875625610352
0.1013021469116211
0.10087871551513672
0.1028447151184082
0.10230040550231934
0.10306382179260254
0.10205602645874023
0.1026766300201416
0.10283732414245605
0.10203671455383301
0.10232234001159668
0.10237455368041992
0.09987568855285645
0.10455179214477539
0.10410714149475098
0.10117602348327637
0.10075592994689941
0.10149836540222168
0.1015775203704834
0.10238504409790039
0.10273480415344238
0.10177397727966309
0.10117363929748535
0.10097718238830566
0.10090994834899902
0.10125923156738281
0.10107088088989258
0.1030573844909668
0.10293436050415039
0.10281062126159668
0.1020505428314209
0.10231876373291016
0.10250306129455566
0.10128307342529297
0.10093379020690918
0.10188817977905273
0.1016075611114502
0.1015632152557373
0.10148286819458008
0.10143589973449707
0.10232067108154297
0.10263347625732422
0.10117554664611816
0.1010439395904541
0.10208916664123535
0.10004806518554688
0.10178518295288086
0.10151815414428711
0.10015201568603516
0.10118699073791504
0.10243964195251465
0.10282063484191895
0.10340070724487305
0.1024169921875
0.10143303871154785
0.10333871841430664
0.1017141342163086
0.10253691673278809
0.10158181190490723
0.10353827476501465
0.10104680061340332
0.10326004028320312
0.100921630859375
0.10160183906555176
0.10356020927429199
0.10116910934448242
0.10151553153991699
0.10125994682312012
0.1018059253692627
0.10140848159790039
0.10214924812316895
0.10108041763305664
0.10217404365539551
0.10205221176147461
0.10306620597839355
0.10185480117797852
0.10207819938659668
0.10156512260437012
0.1013646125793457
0.10298562049865723
0.10280942916870117
0.10149741172790527
0.1024317741394043
0.10084986686706543
0.10095453262329102
0.10159683227539062
0.10080265998840332
0.10294151306152344
0.10229158401489258
0.10293865203857422
0.1023869514465332
0.10423851013183594
0.10233807563781738
0.10260319709777832
0.10134196281433105
0.10148048400878906
0.10169816017150879
0.10234904289245605
0.1015324592590332
0.10157155990600586
0.10158038139343262
0.1031036376953125
0.1027073860168457
0.10146689414978027
0.10343050956726074
0.1028287410736084
0.10267448425292969
0.10228300094604492
0.10109472274780273
0.10339951515197754
0.10000729560852051
0.10091829299926758
0.10116744041442871
0.10152864456176758
0.10133004188537598
0.10018229484558105
0.10175800323486328
0.10137391090393066
0.10083341598510742
0.10290741920471191
0.10332226753234863
0.1020352840423584
0.10129404067993164
0.1034080982208252
0.10138988494873047
0.10193705558776855
0.10213828086853027
0.10164618492126465
0.10234403610229492
0.10220980644226074
0.10289311408996582
0.10293006896972656
0.10135388374328613
0.10250735282897949
0.10143446922302246
0.10163140296936035
0.10205221176147461
0.10178613662719727
0.10172724723815918
0.10218501091003418
0.10259461402893066
0.10174012184143066
0.1009213924407959
0.10283184051513672
0.1022024154663086
0.1014702320098877
0.10145306587219238
0.10248208045959473
0.1005392074584961
0.10299301147460938
0.10142660140991211
0.10237240791320801
0.10106968879699707
0.10218071937561035
0.10161066055297852
0.10207486152648926
0.1015925407409668
0.101776123046875
0.10204100608825684
0.10253691673278809
0.10199165344238281
0.10137486457824707
0.10178899765014648
0.10213112831115723
0.10136961936950684
0.10192441940307617
0.1011202335357666
0.10242176055908203
0.10248756408691406
0.1010434627532959
0.10178184509277344
0.10110068321228027
0.1011192798614502
0.1015784740447998
0.1031808853149414
0.10206127166748047
0.10088205337524414
0.10199165344238281
0.10305905342102051
0.10167264938354492
0.10203146934509277
0.10337448120117188
0.1025686264038086
0.1011354923248291
0.10278916358947754
0.10080575942993164
0.10119771957397461
0.10144758224487305
0.10170459747314453
0.10242462158203125
0.1017923355102539
0.10123085975646973
0.10178256034851074
0.10238003730773926
0.10128068923950195
0.10343074798583984
0.10272383689880371
0.10308551788330078
0.1020042896270752
0.10303711891174316
0.1021125316619873
0.10161519050598145
0.1028892993927002
0.10201215744018555
0.10208749771118164
0.10347104072570801
0.1031796932220459
0.10172200202941895
0.10219693183898926
0.10340070724487305
0.10429239273071289
0.1032557487487793
0.10192704200744629
0.10205554962158203
0.10236978530883789
0.1033334732055664
0.10191726684570312
0.1019296646118164
0.10381054878234863
0.10061454772949219
0.10149097442626953
0.10152482986450195
0.10160446166992188
0.10271930694580078
0.10166215896606445
0.10173869132995605
0.10167622566223145
0.1031494140625
0.10265684127807617
0.1023707389831543
0.10332798957824707
0.1031045913696289
0.10149836540222168
0.10291051864624023
0.10094237327575684
0.10181379318237305
0.10134530067443848
0.10265922546386719
0.10184979438781738
0.10129475593566895
0.10188674926757812
0.10089778900146484
0.10145306587219238
0.1022958755493164
0.1014564037322998
0.10100722312927246
0.10110616683959961
0.10284280776977539
0.10313653945922852
0.10281491279602051
0.10127878189086914
0.10239028930664062
0.10245513916015625
0.10111212730407715
0.10063457489013672
0.10241317749023438
0.10144209861755371
0.10210919380187988
0.10111093521118164
0.10222959518432617
0.1033320426940918
0.1017916202545166
0.10284590721130371
0.10193634033203125
0.10184097290039062
0.1022796630859375
0.10159182548522949
0.10252261161804199
0.10213375091552734
0.1024479866027832
0.10158610343933105
0.10111093521118164
0.10140752792358398
0.10309052467346191
0.10327577590942383
0.10179424285888672
0.10053849220275879
0.10193419456481934
0.102874755859375
0.10169696807861328
0.10307621955871582
0.10305452346801758
0.10152888298034668
0.10150527954101562
0.10184168815612793
0.10121679306030273
0.1025381088256836
0.10181331634521484
0.10231757164001465
0.10168623924255371
0.10279178619384766
0.10159039497375488
0.10154914855957031
0.10412979125976562
0.10175538063049316
0.10228180885314941
0.10200881958007812
0.10147786140441895
0.10203194618225098
0.10282707214355469
0.10166168212890625
0.10116910934448242
0.1014561653137207
0.10197162628173828
0.10150527954101562
0.10209918022155762
0.09992241859436035
0.10094308853149414
0.1029202938079834
0.10293364524841309
0.10245680809020996
0.10207533836364746
0.1015617847442627
0.10274553298950195
0.10315918922424316
0.10268402099609375
0.10224580764770508
0.1022346019744873
0.10047769546508789
0.1005392074584961
0.10375499725341797
0.1027991771697998
0.10155868530273438
0.1020200252532959
0.10474014282226562
0.10113024711608887
0.10178661346435547
0.10234403610229492
0.10232281684875488
0.10170888900756836
0.10118985176086426
0.10186982154846191
0.10213947296142578
0.10282397270202637
0.10209369659423828
0.10293054580688477
0.10298275947570801
0.10198211669921875
0.10155534744262695
0.10354924201965332
0.10284209251403809
0.10197782516479492
0.10148954391479492
0.10273075103759766
0.10298681259155273
0.102203369140625
0.1033470630645752
0.10309410095214844
0.10185480117797852
0.10147738456726074
0.10258913040161133
0.10149693489074707
0.10202360153198242
0.10339188575744629
0.10173630714416504
0.10288429260253906
0.10303354263305664
0.10228466987609863
0.10159778594970703
0.10288476943969727
0.10282373428344727
0.10255622863769531
0.10205769538879395
0.1035149097442627
0.10326027870178223
0.10164403915405273
0.10288786888122559
0.10170888900756836
0.10288190841674805
0.10256385803222656
0.1026616096496582
0.1026148796081543
0.1019594669342041
0.10282492637634277
0.1017301082611084
0.10308432579040527
0.10150623321533203
0.10133194923400879
0.10240292549133301
0.10128331184387207
0.10259556770324707
0.10222244262695312
0.10275769233703613
0.1021575927734375
0.10219907760620117
0.10290741920471191
0.10424995422363281
0.1026771068572998
0.10245871543884277
0.10329031944274902
0.10320353507995605
0.10311770439147949
0.10369229316711426
0.10189414024353027
0.10202383995056152
0.10320758819580078
0.10225868225097656
0.10280799865722656
0.10326290130615234
0.10357952117919922
0.10059738159179688
0.10185432434082031
0.10255241394042969
0.1026906967163086
0.10162782669067383
0.10193204879760742
0.10351681709289551
0.10234475135803223
0.10333728790283203
0.10200977325439453
0.10276103019714355
0.1033625602722168
0.1021428108215332
0.10236191749572754
0.10211372375488281
0.10198473930358887
0.10210633277893066
0.10182499885559082
