0.5495867768595041
0.4928571428571429
0.5092
0.5261538461538462
0.6162162162162163
0.5872727272727273
0.5732758620689655
0.59375
0.5926605504587156
0.5405172413793103
0.5635593220338984
0.5508403361344538
0.5880952380952381
0.579047619047619
0.5902912621359223
0.5665137614678899
0.59375
0.5563063063063063
0.5665137614678899
0.5771028037383178
0.5541666666666667
0.5814655172413793
0.57
0.57
0.57
0.5477477477477477
0.5094202898550725
0.57
0.5452173913043479
0.5805555555555556
0.5583333333333333
0.6004716981132076
0.5563063063063063
0.5440909090909091
0.5464601769911505
0.5416666666666666
0.5508403361344538
0.5487068965517241
0.5394067796610169
0.575
0.5304166666666666
0.49312977099236643
0.57
0.5405172413793103
0.5196581196581197
0.5771028037383178
0.5513392857142857
0.5548
0.5139344262295082
0.5665137614678899
0.5805555555555556
0.6100917431192661
0.5495867768595041
0.5214285714285715
0.5767857142857142
0.5872727272727273
0.581981981981982
0.5598214285714286
0.59375
0.6008547008547008
0.5081395348837209
0.5880952380952381
0.6053097345132743
0.588495575221239
0.5839449541284404
0.5893518518518519
0.5638211382113821
0.4923357664233577
0.4785714285714286
0.544017094017094
0.5734234234234235
0.57
0.5588235294117647
0.5682242990654206
0.5385826771653544
0.588495575221239
0.5495867768595041
0.5880952380952381
0.5617391304347826
0.5666666666666667
0.544017094017094
0.5474576271186441
0.5161417322834646
0.588495575221239
0.5169117647058824
0.5286290322580646
0.5452173913043479
0.5528688524590164
0.5417355371900826
0.5521367521367522
0.5066666666666667
0.5592741935483871
0.5990990990990991
0.5896551724137931
0.6
0.579047619047619
0.6030434782608696
0.6038135593220338
0.5369565217391304
0.6252136752136752
0.5957627118644068
0.5869918699186992
0.5381118881118881
0.5978448275862069
0.5541666666666667
0.5527272727272727
0.5852678571428571
0.6053097345132743
0.588495575221239
0.5521367521367522
0.5981481481481481
0.581981981981982
0.5905405405405405
0.5405172413793103
0.57
0.5735849056603773
0.544017094017094
0.5568965517241379
0.5295081967213114
0.5527272727272727
0.5369565217391304
0.5654761904761905
0.5488888888888889
0.5496428571428571
0.6221238938053097
0.6142241379310345
0.6224137931034482
0.5916666666666667
0.5560975609756098
0.5577981651376147
0.5521367521367522
0.5560975609756098
0.5115384615384615
0.5207407407407407
0.5503968253968254
0.546969696969697
0.544017094017094
0.5654761904761905
0.5745967741935484
0.57
0.5959090909090909
0.5718446601941748
0.5110344827586207
0.5366412213740458
0.5902912621359223
0.5472
0.5642857142857143
0.613716814159292
0.611304347826087
0.57
0.5632743362831858
0.5833333333333334
0.5207407407407407
0.5800884955752212
0.5255319148936171
0.5115384615384615
0.5877118644067797
0.5200729927007299
0.5483739837398374
0.585981308411215
0.5428571428571428
0.5115384615384615
0.5348148148148149
0.5553846153846154
0.5277777777777778
0.5472
0.5394067796610169
0.5872727272727273
0.5238970588235294
0.5779166666666666
0.5669354838709677
0.5666666666666667
0.494
0.5858333333333333
0.526890756302521
0.5033112582781457
0.5094202898550725
0.5372950819672131
0.5357142857142857
0.5221374045801527
0.59375
0.5786363636363636
0.5521367521367522
0.613716814159292
0.5718446601941748
0.57
0.5372950819672131
0.5528688524590164
0.5474576271186441
0.5308823529411765
0.5872727272727273
0.5613636363636364
0.5666666666666667
0.6
0.5896551724137931
0.5244
0.5981481481481481
0.5464601769911505
0.5805555555555556
0.5593457943925234
0.5915094339622642
0.5915094339622642
0.5560975609756098
0.5717592592592593
0.5548
0.5416666666666666
0.5348739495798319
0.59375
0.5846153846153846
0.5809917355371901
0.5572115384615385
0.6224137931034482
0.5888429752066116
0.6037383177570094
0.5840163934426229
0.5252032520325203
0.5907563025210084
0.6142241379310345
0.5877118644067797
0.5277777777777778
0.5483739837398374
0.5168
0.5478102189781022
0.5407692307692308
0.5450819672131147
0.5598214285714286
0.5809917355371901
0.57
0.5613636363636364
0.5839449541284404
0.5948598130841122
0.5302325581395348
0.5650862068965518
0.5563063063063063
0.5888429752066116
0.5148854961832061
0.5362903225806451
0.5877118644067797
0.6037383177570094
0.6191964285714285
0.575
0.5372950819672131
0.5648648648648649
0.5214285714285715
0.5194244604316547
0.5800884955752212
0.5583333333333333
0.5606557377049181
0.5099264705882353
0.5391891891891892
0.5541666666666667
0.5555084745762712
0.5084507042253521
0.4992700729927007
0.5650862068965518
0.5541666666666667
0.5541666666666667
0.5066666666666667
0.5490825688073394
0.5731404958677686
0.5238970588235294
0.5665137614678899
0.57
0.5839449541284404
0.562962962962963
0.5238970588235294
0.5571428571428572
0.5732758620689655
0.5907563025210084
0.5521367521367522
0.581981981981982
0.5872727272727273
0.5458955223880597
0.5684426229508197
0.5513392857142857
0.5460629921259843
0.5553846153846154
0.571484375
0.5880952380952381
0.5563063063063063
0.5137037037037037
0.5800884955752212
0.5635593220338984
0.571484375
0.5839449541284404
0.54625
0.57
0.5665137614678899
0.6004716981132076
0.5472
0.5683035714285715
0.5521367521367522
0.57
0.5583333333333333
0.5833333333333334
0.5734234234234235
0.5617391304347826
0.5588235294117647
0.5474576271186441
0.5959090909090909
0.544017094017094
0.5805555555555556
0.5716814159292035
0.5771028037383178
0.5767857142857142
0.5617391304347826
0.5771028037383178
0.6107142857142858
0.5880952380952381
0.5577981651376147
0.6037383177570094
0.5277777777777778
0.5075342465753425
0.57
0.6083333333333333
0.5478102189781022
0.5438931297709924
0.57
0.5734234234234235
0.5428571428571428
0.5809917355371901
0.6131818181818182
0.6095833333333334
0.5810679611650486
0.6030434782608696
0.5081395348837209
0.560952380952381
0.5317164179104478
0.5302325581395348
0.51953125
0.5548672566371682
0.581981981981982
0.4854014598540146
0.5487068965517241
0.5086614173228347
0.5732758620689655
0.5503968253968254
0.5732758620689655
0.5809917355371901
0.5181818181818182
0.534375
0.4959558823529412
0.5588235294117647
0.5228682170542636
0.5731404958677686
0.5053191489361702
0.5620833333333334
0.5325757575757576
0.5893518518518519
0.5683760683760684
0.568503937007874
0.5779166666666666
0.5669354838709677
0.5460629921259843
0.5650862068965518
0.6
0.5650862068965518
0.5407692307692308
0.573015873015873
0.5541666666666667
0.5716814159292035
0.5734234234234235
0.5416666666666666
0.5716101694915254
0.5428571428571428
0.5663461538461538
0.5717592592592593
0.5771028037383178
0.57
0.5825471698113207
0.5682242990654206
0.497265625
0.5805555555555556
0.5142857142857142
0.5311023622047244
0.5745967741935484
0.5915094339622642
0.5175862068965518
0.5782608695652174
0.613716814159292
0.5814655172413793
0.5449612403100775
0.5109848484848485
0.5602564102564103
0.5568965517241379
0.5650862068965518
0.5606557377049181
0.5902912621359223
0.57
0.5927350427350427
0.5188461538461538
0.5810679611650486
0.5574380165289257
0.5632743362831858
0.588495575221239
0.5334615384615384
0.5858333333333333
0.5669354838709677
0.5762295081967214
0.5066666666666667
0.526953125
0.5588235294117647
0.5244
0.5947826086956521
0.5142857142857142
0.5833333333333334
0.5329268292682927
0.5800884955752212
0.5574380165289257
0.575
0.5357142857142857
0.5716814159292035
0.5339416058394161
0.5516129032258065
0.5142857142857142
0.59375
0.5109848484848485
0.562962962962963
0.5286290322580646
0.5600746268656717
0.5872727272727273
0.54625
0.6008547008547008
0.5668067226890756
0.5648648648648649
0.5304166666666666
0.5624
0.5438931297709924
0.5169117647058824
0.5534782608695652
0.582258064516129
0.5782608695652174
0.5126984126984127
0.5246268656716417
0.5613636363636364
0.5948598130841122
0.5800884955752212
0.544017094017094
0.5969026548672567
0.475
0.540650406504065
0.5571428571428572
0.5261538461538462
0.5246268656716417
0.5277777777777778
0.6022321428571429
0.5905405405405405
0.5066666666666667
0.5902912621359223
0.5563063063063063
0.5261538461538462
0.5452173913043479
0.6131818181818182
0.5598214285714286
0.5648648648648649
0.5555084745762712
0.55
0.5428571428571428
0.5508403361344538
0.5534782608695652
0.5839449541284404
0.5452173913043479
0.5905405405405405
0.5734234234234235
0.5295081967213114
0.5487068965517241
0.5563063063063063
0.5348739495798319
0.47862595419847326
0.5572115384615385
0.5880952380952381
0.5682242990654206
0.5795
0.5588235294117647
0.5682242990654206
0.5681372549019608
0.579047619047619
0.5593457943925234
0.5764957264957264
0.5617391304347826
0.5785714285714286
0.585981308411215
0.5577981651376147
0.5513392857142857
0.5990990990990991
0.5771028037383178
0.5715447154471545
0.5971428571428572
0.5959090909090909
0.5516129032258065
0.5880952380952381
0.5588235294117647
0.6013761467889909
0.5735849056603773
0.540650406504065
0.5277777777777778
0.5317164179104478
0.5397727272727273
0.6107142857142858
0.54921875
0.5394067796610169
0.6278260869565218
0.5253787878787879
0.5477477477477477
0.613716814159292
0.5244
0.5665137614678899
0.5252032520325203
0.5902912621359223
0.526953125
0.5752293577981651
0.5450819672131147
0.5665137614678899
0.5020325203252033
0.5632743362831858
0.5872727272727273
0.5428571428571428
0.5759842519685039
0.5547445255474452
0.6045454545454545
0.5683035714285715
0.5447552447552447
0.5981481481481481
0.5916666666666667
0.5613636363636364
0.5767857142857142
0.5563063063063063
0.5805555555555556
0.5800884955752212
0.5563063063063063
0.5846153846153846
0.5752293577981651
0.5717592592592593
0.5428571428571428
0.5452173913043479
0.5277777777777778
0.5969026548672567
0.5329268292682927
0.4889705882352941
0.46474820143884893
0.5472
0.585981308411215
0.5717592592592593
0.4965909090909091
0.5825471698113207
0.6162162162162163
0.5684426229508197
0.5990990990990991
0.5665137614678899
0.5915094339622642
0.5782608695652174
0.6004716981132076
0.526890756302521
0.5683035714285715
0.5568965517241379
0.544017094017094
0.5683035714285715
0.6004716981132076
0.5338842975206611
0.5516129032258065
0.6045454545454545
0.5880952380952381
0.5560975609756098
0.5671641791044776
0.5715447154471545
0.5175373134328358
0.5654761904761905
0.5175862068965518
0.5947826086956521
0.5583969465648855
0.5452173913043479
0.5528688524590164
0.4976190476190476
0.5893518518518519
0.5508403361344538
0.5814655172413793
0.5632743362831858
0.5716101694915254
0.57
0.5358974358974359
0.5115384615384615
0.57
0.5295081967213114
0.528695652173913
0.5869918699186992
0.5583333333333333
0.5683760683760684
0.5261538461538462
0.5460629921259843
0.6067226890756302
0.57
0.581981981981982
0.5428571428571428
0.6067226890756302
0.5779166666666666
0.6166666666666667
0.5211805555555555
0.562962962962963
0.5880952380952381
0.5742537313432836
0.5233050847457628
0.5480769230769231
0.5846153846153846
0.5846153846153846
0.5624
0.5188461538461538
0.5916666666666667
0.6053097345132743
0.5652892561983471
0.5511450381679389
0.5969026548672567
0.5978448275862069
0.48857142857142855
0.5896551724137931
0.5872727272727273
0.5439516129032258
0.57
0.5670542635658915
0.534375
0.581981981981982
0.585981308411215
0.6053097345132743
0.5782608695652174
0.59375
0.5745967741935484
0.5893518518518519
0.5682242990654206
0.5947154471544716
0.4918439716312057
0.5666666666666667
0.6069444444444444
0.5610236220472441
0.5916666666666667
0.6024390243902439
0.534375
0.5521367521367522
0.5771028037383178
0.5665137614678899
0.6060344827586207
0.5460629921259843
0.5495867768595041
0.6013761467889909
0.6083333333333333
0.5650862068965518
0.5635593220338984
0.5632743362831858
0.5907563025210084
0.5796610169491525
0.6
0.5767857142857142
0.5716814159292035
0.5181818181818182
0.5372950819672131
0.5926605504587156
0.5926605504587156
0.5353174603174603
0.5513392857142857
0.5362903225806451
0.5405172413793103
0.5668067226890756
0.5323275862068966
0.5635593220338984
0.5225
0.5732758620689655
0.5588235294117647
0.5588235294117647
0.5792682926829268
0.5353174603174603
0.5593457943925234
0.5490825688073394
0.5796610169491525
0.5948598130841122
0.5583333333333333
0.55
0.5825471698113207
0.5948598130841122
0.5081395348837209
0.5786363636363636
0.5666666666666667
0.6037383177570094
0.5682242990654206
0.5737623762376237
0.4934108527131783
0.5519047619047619
0.586764705882353
0.5593457943925234
0.5450819672131147
0.5304166666666666
0.5534782608695652
0.5987394957983193
0.5872727272727273
0.5333333333333333
0.5896551724137931
0.586764705882353
0.581981981981982
0.6037383177570094
0.5617391304347826
0.5286290322580646
0.544017094017094
0.575
0.5617391304347826
0.5880952380952381
0.5716814159292035
0.5277777777777778
0.5285714285714286
0.6089743589743589
0.5810679611650486
0.5241379310344828
0.5508403361344538
0.6100917431192661
0.5300724637681159
0.5827731092436975
0.5731404958677686
0.5357142857142857
0.5626923076923077
0.5474576271186441
0.5715447154471545
0.5396
0.5727941176470588
0.5408759124087591
0.6037383177570094
0.5683760683760684
0.5233050847457628
0.5181818181818182
0.59375
0.6083333333333333
0.5157142857142857
0.564622641509434
0.5814655172413793
0.5683760683760684
0.5560975609756098
0.6
0.5588235294117647
0.5767857142857142
0.6067226890756302
0.6147058823529412
0.48819444444444443
0.5839449541284404
0.5529850746268656
0.6073770491803279
0.5521367521367522
0.5896551724137931
0.5613636363636364
0.5632743362831858
0.5782608695652174
0.5771028037383178
0.5563063063063063
0.5487068965517241
0.5810679611650486
0.5577981651376147
0.5617391304347826
0.5488888888888889
0.5877118644067797
0.581981981981982
0.581981981981982
0.5120567375886524
0.527007299270073
0.5417355371900826
0.5490825688073394
0.5948598130841122
0.5915094339622642
0.5716814159292035
0.5428571428571428
0.5915094339622642
0.5971428571428572
0.582258064516129
0.5717592592592593
0.5669354838709677
0.60859375
0.5495867768595041
0.5252032520325203
0.5225
0.5767857142857142
0.5439516129032258
0.5508403361344538
0.4953571428571429
0.57
0.562962962962963
0.5555084745762712
0.5541666666666667
0.585981308411215
0.5483739837398374
0.5037878787878788
0.5495867768595041
0.59375
0.605241935483871
0.5872727272727273
0.5617391304347826
0.5396
0.5460629921259843
0.5428571428571428
0.5428571428571428
0.5563063063063063
0.5971428571428572
0.5217213114754098
0.5061475409836066
0.5181818181818182
0.5555084745762712
0.5277777777777778
0.5225
0.5650862068965518
0.48125
0.5521367521367522
0.5888429752066116
0.534375
0.5405172413793103
0.5684426229508197
0.5516129032258065
0.5846153846153846
0.6022321428571429
0.5416666666666666
0.5638211382113821
0.5548672566371682
0.5602564102564103
0.5683035714285715
0.5752293577981651
0.5207407407407407
0.5927350427350427
0.5839449541284404
0.5606557377049181
0.5814655172413793
0.5800884955752212
0.5148854961832061
0.5428571428571428
0.57
0.5602564102564103
0.5504672897196262
0.54625
0.55
0.5317164179104478
0.5521367521367522
0.5632743362831858
0.5524822695035461
0.528695652173913
0.5592741935483871
0.573015873015873
0.5066666666666667
0.5846153846153846
0.586764705882353
0.6162162162162163
0.55
0.6045454545454545
0.5555084745762712
0.5348148148148149
0.5472
0.5809917355371901
0.5560975609756098
0.5231884057971015
0.5488888888888889
0.5684426229508197
0.5916666666666667
0.5503968253968254
0.5896551724137931
0.5732758620689655
0.4823076923076923
0.5450819672131147
0.5959090909090909
0.5304166666666666
0.5792682926829268
0.5099264705882353
0.5978448275862069
0.5357142857142857
0.5716101694915254
0.5839449541284404
0.5610236220472441
0.5574380165289257
0.5358974358974359
0.57
0.5428571428571428
0.5666666666666667
0.5767857142857142
0.5137037037037037
0.6195652173913043
0.5846153846153846
0.5155038759689923
0.5652892561983471
0.5839449541284404
0.573015873015873
0.5155038759689923
0.5428571428571428
0.5869918699186992
0.5372950819672131
0.6142241379310345
0.5905405405405405
0.6004716981132076
0.5598214285714286
0.6022321428571429
0.5304166666666666
0.5981481481481481
0.5810679611650486
0.6045454545454545
0.5588235294117647
0.5
0.5905405405405405
0.5858333333333333
0.5880952380952381
0.5827731092436975
0.5969026548672567
0.5905405405405405
0.5865217391304348
0.5262589928057554
0.5858333333333333
0.5907563025210084
0.5548
0.5796610169491525
0.5839449541284404
0.5613636363636364
0.5483739837398374
0.5683035714285715
0.5568965517241379
0.5735849056603773
0.57
0.5814655172413793
0.5624
0.5959090909090909
0.5809917355371901
0.5396
0.5684426229508197
0.5805555555555556
0.5181818181818182
0.5809917355371901
0.6162162162162163
0.5029411764705882
0.5767857142857142
0.5762295081967214
0.5474576271186441
