0.5378676470588235
0.4846938775510204
0.49892086330935254
0.5211805555555555
0.5956349206349206
0.5654761904761905
0.5626923076923077
0.573015873015873
0.5762295081967214
0.5221374045801527
0.546969696969697
0.5357142857142857
0.57
0.5588235294117647
0.5716101694915254
0.540650406504065
0.5747899159663865
0.532
0.5483739837398374
0.5606557377049181
0.5418518518518518
0.57
0.5626923076923077
0.556640625
0.5553846153846154
0.540650406504065
0.5003333333333333
0.5571428571428572
0.5302325581395348
0.5606557377049181
0.5449612403100775
0.5779166666666666
0.5353174603174603
0.5329268292682927
0.534375
0.526953125
0.5357142857142857
0.5366412213740458
0.5334615384615384
0.556640625
0.5246268656716417
0.4950704225352113
0.5503968253968254
0.5302325581395348
0.5037878787878788
0.5574380165289257
0.5311023622047244
0.5255319148936171
0.49962962962962965
0.5483739837398374
0.5574380165289257
0.5899193548387097
0.5339416058394161
0.5135135135135135
0.568503937007874
0.5638211382113821
0.5654761904761905
0.5396
0.573015873015873
0.5801526717557252
0.5013888888888889
0.5668067226890756
0.5834645669291338
0.5640625
0.5669354838709677
0.557936507936508
0.5448529411764705
0.4875
0.47181208053691276
0.5253787878787879
0.5472
0.5439516129032258
0.5428571428571428
0.5528688524590164
0.5330935251798561
0.573015873015873
0.5348148148148149
0.5668067226890756
0.5523255813953488
0.556640625
0.5366412213740458
0.5293893129770992
0.5017605633802817
0.5759842519685039
0.5066666666666667
0.5292857142857142
0.5334615384615384
0.5408759124087591
0.5308823529411765
0.5317164179104478
0.49701986754966887
0.5467625899280576
0.5805555555555556
0.57
0.5805555555555556
0.5635593220338984
0.5829545454545455
0.5884328358208956
0.5148387096774194
0.6
0.5757575757575758
0.571376811594203
0.5160493827160494
0.5773076923076923
0.5418518518518518
0.5396
0.568503937007874
0.5834645669291338
0.568503937007874
0.5397727272727273
0.5792682926829268
0.5654761904761905
0.57
0.5293893129770992
0.5560975609756098
0.5541666666666667
0.5325757575757576
0.5480769230769231
0.5200729927007299
0.5396
0.5261538461538462
0.5632142857142857
0.5383333333333333
0.5573333333333333
0.601171875
0.5946564885496183
0.5797794117647059
0.5773076923076923
0.5478102189781022
0.5450819672131147
0.5357142857142857
0.5399280575539568
0.5110344827586207
0.50625
0.5390070921985816
0.5437931034482759
0.5285714285714286
0.5524822695035461
0.5616788321167884
0.5555084745762712
0.5762295081967214
0.5474576271186441
0.5256666666666666
0.5314685314685315
0.5683760683760684
0.5438405797101449
0.552027027027027
0.59375
0.5891472868217055
0.5547445255474452
0.541796875
0.5624
0.5175862068965518
0.54921875
0.51875
0.5050632911392405
0.5714285714285714
0.5066666666666667
0.5378676470588235
0.5652892561983471
0.5322695035460993
0.49115646258503404
0.515359477124183
0.5457446808510639
0.5225
0.5369565217391304
0.5261538461538462
0.5669354838709677
0.4893939393939394
0.5478102189781022
0.5390070921985816
0.5325757575757576
0.48363636363636364
0.5642857142857143
0.5308823529411765
0.49491017964071854
0.5096026490066226
0.5339416058394161
0.528476821192053
0.5066666666666667
0.57890625
0.5654761904761905
0.5388059701492537
0.59375
0.5588235294117647
0.55
0.5214285714285715
0.5378676470588235
0.5293893129770992
0.5241379310344828
0.5638211382113821
0.5450819672131147
0.5428571428571428
0.5670542635658915
0.5626923076923077
0.5094202898550725
0.5762295081967214
0.5236220472440944
0.5652892561983471
0.5450819672131147
0.5731404958677686
0.5779166666666666
0.5448529411764705
0.5528688524590164
0.5399280575539568
0.5302325581395348
0.5246268656716417
0.5747899159663865
0.5668067226890756
0.5529850746268656
0.5474576271186441
0.6019083969465648
0.5642857142857143
0.5840163934426229
0.5600746268656717
0.5163043478260869
0.5613636363636364
0.5919230769230769
0.5729007633587786
0.5261538461538462
0.5408759124087591
0.512589928057554
0.5419463087248322
0.5285211267605634
0.5348148148148149
0.5472
0.5588235294117647
0.5438405797101449
0.5396
0.5684426229508197
0.5731404958677686
0.49701986754966887
0.5438931297709924
0.5428571428571428
0.5727941176470588
0.5040816326530613
0.5194244604316547
0.5571428571428572
0.586328125
0.5984251968503937
0.5596899224806201
0.527007299270073
0.541796875
0.5135135135135135
0.5070945945945946
0.5640625
0.541796875
0.5478102189781022
0.5033112582781457
0.5277777777777778
0.55
0.5511450381679389
0.50625
0.49375
0.5480769230769231
0.540650406504065
0.55
0.5133540372670807
0.5450819672131147
0.562962962962963
0.5228187919463088
0.5495867768595041
0.5592741935483871
0.5574380165289257
0.540650406504065
0.5170068027210885
0.5428571428571428
0.5583969465648855
0.5568965517241379
0.5366412213740458
0.5610236220472441
0.5606557377049181
0.525
0.5458955223880597
0.5236220472440944
0.5360714285714285
0.5372413793103449
0.5390070921985816
0.57
0.5428571428571428
0.4935064935064935
0.5596899224806201
0.55
0.558041958041958
0.5684426229508197
0.5325757575757576
0.5553846153846154
0.5560975609756098
0.5809917355371901
0.5300724637681159
0.54921875
0.5357142857142857
0.5588235294117647
0.5407692307692308
0.5626923076923077
0.557936507936508
0.5407692307692308
0.5438931297709924
0.5438931297709924
0.582258064516129
0.5325757575757576
0.5638211382113821
0.5571428571428572
0.5528688524590164
0.5613636363636364
0.5511450381679389
0.5606557377049181
0.5956349206349206
0.57
0.540650406504065
0.5809917355371901
0.5160493827160494
0.5145833333333333
0.5560975609756098
0.586328125
0.5327702702702702
0.5381118881118881
0.558041958041958
0.5560975609756098
0.5261538461538462
0.5714285714285714
0.5899193548387097
0.5901515151515152
0.5568965517241379
0.57890625
0.5048951048951049
0.5521367521367522
0.5205479452054794
0.5255319148936171
0.5120567375886524
0.5428571428571428
0.5638211382113821
0.4717687074829932
0.534375
0.4916083916083916
0.5583969465648855
0.5360714285714285
0.556640625
0.57
0.5175373134328358
0.5399280575539568
0.4976190476190476
0.55
0.5300724637681159
0.5559259259259259
0.4964516129032258
0.5529850746268656
0.5205479452054794
0.5731404958677686
0.5511450381679389
0.5659574468085107
0.5671641791044776
0.5518382352941177
0.5330935251798561
0.5523255813953488
0.57890625
0.5553846153846154
0.5360714285714285
0.5588235294117647
0.5457446808510639
0.54921875
0.5624
0.5302325581395348
0.5583969465648855
0.5285714285714286
0.5555084745762712
0.5439516129032258
0.5528688524590164
0.5555084745762712
0.5620833333333334
0.5528688524590164
0.4950704225352113
0.5606557377049181
0.5105442176870748
0.5145833333333333
0.560431654676259
0.5731404958677686
0.5078616352201258
0.5670542635658915
0.59375
0.5654761904761905
0.5292857142857142
0.5075342465753425
0.5407692307692308
0.5438931297709924
0.5511450381679389
0.5438405797101449
0.5716101694915254
0.5511450381679389
0.5757575757575758
0.5110344827586207
0.5635593220338984
0.5408759124087591
0.5548
0.5610236220472441
0.5218309859154929
0.5714285714285714
0.5535971223021583
0.562962962962963
0.504320987654321
0.5187943262411348
0.5428571428571428
0.5157142857142857
0.5846153846153846
0.5040816326530613
0.5596899224806201
0.527007299270073
0.5610236220472441
0.5388059701492537
0.556640625
0.5263513513513514
0.5449612403100775
0.5228187919463088
0.5448529411764705
0.5115384615384615
0.5757575757575758
0.5075342465753425
0.5375
0.4979310344827586
0.5347682119205298
0.54921875
0.5308823529411765
0.5801526717557252
0.5458955223880597
0.5592741935483871
0.5057553956834533
0.5496428571428571
0.5372413793103449
0.513
0.5366412213740458
0.5457446808510639
0.5596899224806201
0.5089285714285714
0.50625
0.5385826771653544
0.5762295081967214
0.568503937007874
0.5325757575757576
0.5834645669291338
0.4720496894409938
0.5262589928057554
0.5243506493506493
0.5070945945945946
0.5070945945945946
0.50625
0.5880952380952381
0.5745967741935484
0.5040816326530613
0.5716101694915254
0.5472
0.5175862068965518
0.534375
0.5928
0.5396
0.5334615384615384
0.546969696969697
0.5334615384615384
0.5285211267605634
0.5317164179104478
0.5407692307692308
0.5606557377049181
0.5285714285714286
0.57
0.5460629921259843
0.5277777777777778
0.5214285714285715
0.5353174603174603
0.5246268656716417
0.475
0.5383333333333333
0.5635593220338984
0.5508403361344538
0.5521367521367522
0.5366412213740458
0.5450819672131147
0.5428571428571428
0.5588235294117647
0.5450819672131147
0.5583969465648855
0.5480769230769231
0.5713286713286714
0.5684426229508197
0.5372950819672131
0.532
0.5834645669291338
0.5606557377049181
0.5576086956521739
0.5779166666666666
0.5792682926829268
0.5438405797101449
0.5668067226890756
0.5397727272727273
0.582258064516129
0.5574380165289257
0.5369565217391304
0.5158940397350993
0.5193333333333333
0.5327702702702702
0.5909448818897638
0.5314685314685315
0.5285714285714286
0.603875968992248
0.5218309859154929
0.5362903225806451
0.59375
0.5194244604316547
0.5516129032258065
0.5163043478260869
0.5716101694915254
0.5218309859154929
0.5638211382113821
0.5378676470588235
0.5472
0.5029411764705882
0.54921875
0.57
0.5211805555555555
0.555281690140845
0.5446666666666666
0.582258064516129
0.5535433070866141
0.532484076433121
0.5816326530612245
0.571484375
0.5472
0.5516129032258065
0.5385826771653544
0.5606557377049181
0.5596899224806201
0.5428571428571428
0.5635593220338984
0.5606557377049181
0.5574380165289257
0.5325757575757576
0.5334615384615384
0.49935897435897436
0.5805555555555556
0.5238970588235294
0.4876666666666667
0.46875
0.5360714285714285
0.5684426229508197
0.5560975609756098
0.475
0.5652892561983471
0.5928
0.5685606060606061
0.5805555555555556
0.5574380165289257
0.5731404958677686
0.5670542635658915
0.5762295081967214
0.5137037037037037
0.5428571428571428
0.5438931297709924
0.5293893129770992
0.5592741935483871
0.5747899159663865
0.5169117647058824
0.5175862068965518
0.5840740740740741
0.5782608695652174
0.5478102189781022
0.5401960784313725
0.5576086956521739
0.5170068027210885
0.5564285714285714
0.5015527950310559
0.57
0.5335616438356164
0.5302325581395348
0.5408759124087591
0.49032258064516127
0.5684426229508197
0.5375968992248062
0.5610236220472441
0.5472
0.5511450381679389
0.5588235294117647
0.5221374045801527
0.500381679389313
0.5523255813953488
0.5207407407407407
0.51953125
0.5686131386861314
0.541796875
0.5511450381679389
0.5248251748251749
0.5352112676056338
0.5911111111111111
0.5592741935483871
0.5669354838709677
0.5277777777777778
0.5955223880597015
0.5507246376811594
0.5992307692307692
0.5203821656050955
0.5546979865771812
0.5726950354609929
0.5636666666666666
0.5221374045801527
0.5335616438356164
0.5729007633587786
0.5729007633587786
0.5438405797101449
0.5181818181818182
0.57890625
0.586328125
0.5518382352941177
0.5447552447552447
0.57890625
0.57890625
0.4843137254901961
0.57
0.5715447154471545
0.5181818181818182
0.5600746268656717
0.5503448275862068
0.5244
0.57
0.5731404958677686
0.5909448818897638
0.5626923076923077
0.5747899159663865
0.560431654676259
0.5638211382113821
0.5528688524590164
0.5840740740740741
0.475
0.5523255813953488
0.5869918699186992
0.5447552447552447
0.568503937007874
0.577037037037037
0.5255319148936171
0.5407692307692308
0.5541666666666667
0.5483739837398374
0.5874045801526717
0.5181818181818182
0.5388059701492537
0.5792682926829268
0.57890625
0.5523255813953488
0.5511450381679389
0.5503968253968254
0.5729007633587786
0.5583969465648855
0.568503937007874
0.5472
0.541796875
0.49731543624161073
0.527007299270073
0.5745967741935484
0.5684426229508197
0.5262589928057554
0.5385826771653544
0.527007299270073
0.5221374045801527
0.55
0.5221374045801527
0.5378676470588235
0.5214285714285715
0.5626923076923077
0.55
0.55
0.5616788321167884
0.5300724637681159
0.5450819672131147
0.5329268292682927
0.5571428571428572
0.5762295081967214
0.5449612403100775
0.5311023622047244
0.5620833333333334
0.5668067226890756
0.48482758620689653
0.5592741935483871
0.5503968253968254
0.5840163934426229
0.5528688524590164
0.5568965517241379
0.4916083916083916
0.5383333333333333
0.5683760683760684
0.5495867768595041
0.5262589928057554
0.5207407407407407
0.5334615384615384
0.5813432835820895
0.57
0.5188461538461538
0.5729007633587786
0.5553846153846154
0.5744186046511628
0.5840163934426229
0.5480769230769231
0.5157142857142857
0.5285714285714286
0.5596899224806201
0.5449612403100775
0.57
0.556640625
0.5193333333333333
0.5199324324324325
0.5901515151515152
0.5602564102564103
0.5097560975609756
0.5418518518518518
0.5869918699186992
0.5115384615384615
0.5541666666666667
0.55
0.5270547945205479
0.5503448275862068
0.5357142857142857
0.5559259259259259
0.5292857142857142
0.5599337748344371
0.5339869281045752
0.5809917355371901
0.5583969465648855
0.5221374045801527
0.5105442176870748
0.573015873015873
0.5801526717557252
0.4897515527950311
0.5495867768595041
0.55
0.5511450381679389
0.5438405797101449
0.57890625
0.546969696969697
0.5449612403100775
0.5884328358208956
0.5928571428571429
0.49012738853503185
0.5535433070866141
0.553082191780822
0.5911111111111111
0.5407692307692308
0.5670542635658915
0.5450819672131147
0.5385826771653544
0.5640625
0.5620833333333334
0.540650406504065
0.541796875
0.5602564102564103
0.5417355371900826
0.541796875
0.5419463087248322
0.5714285714285714
0.5654761904761905
0.5669354838709677
0.5054487179487179
0.51875
0.5194244604316547
0.532
0.5731404958677686
0.57
0.556640625
0.5311023622047244
0.57
0.5747899159663865
0.562962962962963
0.5528688524590164
0.5488888888888889
0.5835714285714285
0.5306896551724138
0.5169117647058824
0.5109848484848485
0.556640625
0.5330935251798561
0.5357142857142857
0.4840764331210191
0.5596899224806201
0.5483739837398374
0.5357142857142857
0.5418518518518518
0.5652892561983471
0.546969696969697
0.48133333333333334
0.5120567375886524
0.5747899159663865
0.5920289855072464
0.5669354838709677
0.54921875
0.5330935251798561
0.5330935251798561
0.5246268656716417
0.5293893129770992
0.5385826771653544
0.5583969465648855
0.5066666666666667
0.4959558823529412
0.5104477611940299
0.5428571428571428
0.5188461538461538
0.5029411764705882
0.5511450381679389
0.46395348837209305
0.5449612403100775
0.577037037037037
0.5140410958904109
0.5253787878787879
0.5428571428571428
0.5175862068965518
0.5685606060606061
0.5834645669291338
0.5228682170542636
0.5390070921985816
0.5385826771653544
0.5438931297709924
0.5560975609756098
0.5560975609756098
0.513
0.57
0.5684426229508197
0.5418518518518518
0.5626923076923077
0.568503937007874
0.5110344827586207
0.5115384615384615
0.5511450381679389
0.5428571428571428
0.5372950819672131
0.5317164179104478
0.5428571428571428
0.5270547945205479
0.5407692307692308
0.5460629921259843
0.5428571428571428
0.5115384615384615
0.5478102189781022
0.5592198581560284
0.5105442176870748
0.5742537313432836
0.5683760683760684
0.5956349206349206
0.5334615384615384
0.5852
0.5388059701492537
0.5256666666666666
0.5322695035460993
0.5588235294117647
0.5478102189781022
0.51875
0.5383333333333333
0.5576086956521739
0.571484375
0.5352112676056338
0.5729007633587786
0.5613636363636364
0.4718543046357616
0.5448529411764705
0.5776
0.5175373134328358
0.5588235294117647
0.5033112582781457
0.5801526717557252
0.5263513513513514
0.5571428571428572
0.5638211382113821
0.5428571428571428
0.5418518518518518
0.5181818181818182
0.5592741935483871
0.5327702702702702
0.5553846153846154
0.557936507936508
0.49967532467532466
0.6019083969465648
0.57
0.5006756756756757
0.5428571428571428
0.57
0.5564285714285714
0.5084507042253521
0.5327702702702702
0.5742537313432836
0.5308823529411765
0.5946564885496183
0.57
0.5779166666666666
0.5428571428571428
0.5852
0.5214285714285715
0.5731404958677686
0.5683760683760684
0.5880952380952381
0.546969696969697
0.4947916666666667
0.5745967741935484
0.5685606060606061
0.5668067226890756
0.562962962962963
0.5759842519685039
0.573015873015873
0.565648854961832
0.4990506329113924
0.57
0.57
0.5399280575539568
0.5685606060606061
0.5715447154471545
0.5450819672131147
0.5339416058394161
0.5548
0.5407692307692308
0.5574380165289257
0.5560975609756098
0.5553846153846154
0.5535971223021583
0.5776
0.562962962962963
0.5292857142857142
0.5559259259259259
0.5684426229508197
0.5105442176870748
0.562962962962963
0.5956349206349206
0.5105442176870748
0.5654761904761905
0.562962962962963
0.5397727272727273
