0.8674645390070922
0.9118613138686131
0.9076306620209059
0.8929328621908127
0.896509009009009
0.9147655703289014
0.9254195804195804
0.886509900990099
0.890251572327044
0.9121057513914657
0.8839192221391174
0.8488683989941325
0.9231379310344827
0.8777261200338123
0.893270944741533
0.8916801292407108
0.9163597733711049
0.8911737523105361
0.8902932960893855
0.8971160295103957
0.9243425728500355
0.9009920634920635
0.8994397759103642
0.9058567279767668
0.9168228279386712
0.8948567229977957
0.9168510638297872
0.915145813734713
0.8999213217938631
0.8593639575971731
0.9096927578639357
0.8792985457656116
0.9001956181533647
0.9009314140558848
0.901218450826806
0.9249670619235837
0.9025456292026898
0.9028518518518519
0.9084507042253521
0.8870531822144725
0.9081102362204725
0.9083665338645418
0.8971383147853736
0.9079446640316206
0.8987215909090909
0.8902568644818424
0.8887096774193548
0.8933962264150943
0.8988569321533924
0.8996628131021195
0.8904084609773888
0.8936492585428756
0.9078423871461362
0.9083333333333333
0.8866666666666667
0.897827868852459
0.9081810631229236
0.893944099378882
0.901
0.8674900398406374
0.8856816102470265
0.8991769547325102
0.8843534057255676
0.8686046511627907
0.8900525854513585
0.9206531332744925
0.8915833973866256
0.9273461538461538
0.889863782051282
0.9079580745341614
0.9143192488262911
0.9142072213500785
0.9204780876494024
0.8833181403828624
0.9182451253481894
0.8863913043478261
0.9097009735744089
0.8827716933445662
0.9115138592750534
0.9080471050049068
0.890625
0.9021864686468647
0.8970653789004458
0.8913500678426052
0.9000410846343467
0.9244422572178478
0.8934191176470588
0.8903266331658292
0.9120909816440542
0.9009786476868328
0.8917773237997957
0.9115526122148638
0.8922182468694096
0.9004513540621866
0.8987256371814093
0.9028467153284672
0.9043205574912891
0.8899425287356322
0.9163716814159292
0.8913930348258706
0.9217221828490433
0.9065399484536083
0.8943198263386396
0.8824444444444445
0.9279069767441861
0.8920808482438701
0.9029344512195122
0.8828372093023256
0.910204991087344
0.8902317880794702
0.872172751558326
0.8997214484679665
0.8857553956834532
0.8800259965337955
0.882557251908397
0.8944148936170213
0.9084278768233387
0.9173303167420814
0.9259851301115242
0.8930495221546482
0.9073145245559039
0.8912024756852343
0.8918541854185419
0.9014458641560188
0.8904761904761904
0.8810542398777693
0.9220089285714286
0.8797901459854015
0.9212121212121213
0.9087633087633088
0.9137519872813991
0.9192686357243319
0.8793525809273841
0.9000417362270451
0.9198943661971831
0.8810434219053791
0.8868136117556071
0.8951231060606061
0.9041101694915255
0.9226046511627907
0.8553479853479854
0.8875361271676301
0.9096102745792737
0.9003666361136572
0.9147142857142857
0.898727833461835
0.8950791465932554
0.8367501898253606
0.9135714285714286
0.8556876938986556
0.8866666666666667
0.8720559845559845
0.9201824817518248
0.9024603836530442
0.8966382978723404
0.9030176026823135
0.8942762535477767
0.9143840856924254
0.9020504731861199
0.9246505717916137
0.9154126213592233
0.8899534264803726
0.8996439873417722
0.9101689612015019
0.8781976744186046
0.9095927601809954
0.9064069264069264
0.9200899550224888
0.9020126282557221
0.9076770087509944
0.9197401508801342
0.9236111111111112
0.907728337236534
0.9088612670408982
0.9268139841688654
0.8868843069873997
0.8933548850574713
0.8886561954624782
0.8922730682670668
0.922601880877743
0.8993021346469622
0.9092409240924092
0.9095593726661688
0.9158217497955846
0.911735089078234
0.9090949033391915
0.8985416666666667
0.8785438765670203
0.8115509086382873
0.8808952837729817
0.8859154929577465
0.9259954058192955
0.9061034482758621
0.893348623853211
0.9293056501021103
0.9025923525599482
0.920068493150685
0.8997632202052092
0.886090909090909
0.8977457168620379
0.8991071428571429
0.9146694214876033
0.8925873465533523
0.9172703180212014
0.9170829975825947
0.9116161616161617
0.9010229132569558
0.8960227272727272
0.92372634643377
0.8598418277680141
0.8824804548685146
0.9032513181019333
0.8766637089618456
0.9105064247921391
0.8764466177669111
0.8808834446919079
0.8791044776119403
0.8959818043972707
0.9028861788617886
0.8823873873873874
0.9043410852713178
0.9162150719729043
0.9259081562714188
0.8848039215686274
0.4931229773462783
0.903876272513704
0.9163885180240321
0.9145833333333333
0.891819012797075
0.8820013898540653
0.9018174133558748
0.9008494208494209
0.9146230699364214
0.8817630597014925
0.9144927536231884
0.4933070866141732
0.8889135254988914
0.9072368421052631
0.9119558908879861
0.893452380952381
0.9259683794466403
0.9230332522303325
0.8965976331360946
0.917894280762565
0.8909937888198758
0.9251742160278745
0.8940699658703072
0.8936507936507937
0.8623825789923143
0.9042669584245077
0.9219442165709598
0.9107000795544948
0.9152439024390244
0.9017189835575485
0.9071810542398777
0.8888888888888888
0.9183873720136518
0.8691138140747177
0.878940338379341
0.8865776528460998
0.9013750954927425
0.8951395572666025
0.898702664796634
0.9129460580912863
0.9070386579139315
0.8828282828282829
0.9202880658436214
0.923972602739726
0.4932378679395386
0.9129957507082153
0.918699910952805
0.8516707416462918
0.9124899274778404
0.928788903924222
0.8738925541941565
0.8939764111204718
0.9159053833605221
0.8929606625258799
0.9042492917847026
0.8896003633060854
0.9029896907216495
0.9174501992031873
0.9173476005188067
0.892095238095238
0.8980413895048042
0.8818307267709291
0.9161386138613862
0.9135593220338983
0.922877535687453
0.9099351175993512
0.8912579957356077
0.9023384353741497
0.8573899371069182
0.8692150449713818
0.8924605678233438
0.910584250635055
0.9133696563285834
0.9157804459691252
0.4932324840764331
0.9230741279069767
0.9238784370477569
0.9121212121212121
0.8995435684647303
0.9136888888888889
0.906477093206951
0.9028867505551443
0.9114766641162969
0.8824521422060164
0.9102177554438861
0.8844081942336874
0.858380149812734
0.8989669421487604
0.9067259786476868
0.9210320562939797
0.9017910447761194
0.8868978102189781
0.9291666666666667
0.8831423895253683
0.8760531135531135
0.9031985294117647
0.9066636851520572
0.884872029250457
0.8752635847526359
0.9164987405541561
0.8967809364548495
0.903883495145631
0.9028169014084507
0.8679012345679012
0.8933690555927662
0.8938260869565218
0.9187593423019432
0.893974358974359
0.8802801120448179
0.9048920863309352
0.9058493589743589
0.8912371134020619
0.917746913580247
0.9182370820668693
0.8973166368515205
0.9261538461538461
0.9119291705498602
0.9021220159151193
0.8567726330338632
0.8965405904059041
0.8666803278688524
0.9011203319502075
0.9116229624379872
0.8937218287186092
0.8834004834810637
0.9024645257654966
0.8683471074380166
0.8879622344610543
0.8628787878787879
0.918921308576481
0.8882846715328467
0.910511590727418
0.9024289985052317
0.9110945644080417
0.9164526484751204
0.8785398230088496
0.9104489795918367
0.90920245398773
0.898046875
0.913216679076694
0.9016949152542373
0.9029573590096286
0.8887713997985901
0.8851028806584362
0.9116883116883117
0.9132510288065844
0.907666163141994
0.888119911176906
0.8918656716417911
0.8978580990629184
0.8896591789310612
0.8870250606305577
0.9169516509433963
0.9044728434504792
0.9150625978090767
0.9182643427741467
0.9009314140558848
0.8983050847457628
0.9063473520249221
0.8982126899016979
0.8878913443830571
0.883411214953271
0.9111827956989247
0.9117043847241867
0.9083461538461538
0.9023327464788733
0.8745789895749799
0.9027801179443976
0.8971259124087592
0.9063513513513514
0.8973846153846153
0.8876262626262627
0.9013018714401952
0.9074626865671642
0.9156295224312591
0.8889460154241645
0.9226315789473685
0.9221846846846847
0.9061538461538462
0.9220783764870539
0.8985468956406869
0.9213124274099884
0.8881019830028328
0.9216905444126074
0.9018174133558748
0.8946677604593929
0.8696517412935323
0.9053030303030303
0.8834599156118144
0.8893427230046949
0.9271151586368978
0.874
0.8795136026380874
0.792343883661249
0.8862996688741722
0.8976545048399106
0.9178346456692913
0.9071124361158432
0.9194878472222222
0.9054560954816709
0.9083276216586703
0.9110134003350083
0.9014664143803217
0.8838664158043273
0.8944398682042833
0.8814021830394626
0.9284770295783512
0.9136860068259386
0.8991498740554156
0.912987012987013
0.887867298578199
0.902641369047619
0.9030604719764012
0.8994440031771247
0.9173913043478261
0.9057598039215686
0.9184159061277706
0.9188746438746439
0.9162162162162162
0.9233105542900532
0.9211481481481482
0.9174982181040627
0.9148148148148149
0.9148148148148149
0.9177966101694915
0.9171199011124845
0.9233852140077821
0.8901086956521739
0.8976855546687948
0.9238222222222222
0.9125189681335356
0.9198412698412698
0.8712260807937633
0.876305683563748
0.91662382176521
0.919193689745837
0.9116626311541566
0.9170758122743682
0.9186513629842181
0.8860064153969527
0.8411313868613138
0.9117502054231718
0.9023934181002243
0.8945557491289199
0.9102574416733709
0.8916201117318435
0.912357286769644
0.8801251956181534
0.9256566303651506
0.9156009244992296
0.9080772261623326
0.916703952274422
0.9083333333333333
0.8656758957654723
0.9093623890234059
0.8987041036717063
0.8982770503101309
0.9112796208530806
0.8976216216216216
0.8946835443037975
0.9122743682310469
0.9112428842504744
0.8892583120204604
0.8814339981006648
0.8499005964214712
0.90078125
0.8964136490250696
0.8584044368600683
0.9122683142100618
0.907035175879397
0.8882038834951457
0.8980975609756098
0.914247311827957
0.9074027072758037
0.925033692722372
0.8906713505074161
0.8966577540106951
0.9121765096217651
0.8887400793650794
0.9006493506493507
0.8897388059701492
0.907074074074074
0.8890827922077922
0.8984496124031007
0.8978499542543459
0.9018558172733762
0.8873371335504886
0.798580944106574
0.8706329113924051
0.8947049312853679
0.9236775818639799
0.8873626373626373
0.9228247914183552
0.8740884406516679
0.8991638795986622
0.900885269121813
0.9090317331163548
0.8929328621908127
0.8776816608996539
0.9144420903954802
0.8915024630541872
0.8938334392879848
0.8817101449275362
0.8848662207357859
0.892573402417962
0.8931338028169014
0.9032136894824708
0.9174052894924947
0.9067772511848341
0.8790035587188612
0.8429763560500695
0.8788966049382716
0.8810015290519878
0.8551355206847361
0.9036421499292786
0.8502461033634127
0.9037837837837838
0.8748706577974871
0.9091796875
0.9043764523625096
0.7754054054054054
0.9077106518282989
0.9053418803418803
0.8977346278317152
0.87625
0.8693855157278713
0.9094471658502449
0.8777365491651206
0.8652738764044944
0.8852452202826268
0.9077246011754828
0.9162402274342573
0.9037313432835821
0.9188655462184874
0.8886106623586429
0.9104166666666667
0.8768019884009942
0.8848309178743962
0.9136888888888889
0.8983301526717558
0.9205218617771509
0.8991978609625668
0.9123015873015873
0.8811467889908257
0.8943693693693694
0.8978462837837838
0.8843723673125526
0.8934042553191489
0.9137337057728119
0.9152112676056338
0.9086574074074074
0.9063856427378965
0.9006950880444856
0.9018581081081081
0.9122369446609508
0.9154545454545454
0.9176495016611296
0.9066749585406302
0.894
0.9227055067837191
0.9190457719162142
0.9052032520325203
0.9124208860759494
0.9087260677466863
0.8995362563237774
0.9174551386623164
0.9239329268292683
0.885021645021645
0.8770242214532872
0.8936573311367381
0.9100182982616651
0.8879032258064516
0.9025752773375594
0.8957904583723105
0.8946146245059289
0.891900826446281
0.9261306532663317
0.8118477593615715
0.9075728155339806
0.9092857142857143
0.9017513134851138
0.9162162162162162
0.9295845272206303
0.9128138847858198
0.913063763608087
0.883686274509804
0.9083603896103896
0.9005288852725793
0.9177299088649544
0.8808024691358025
0.9176736111111111
0.899468085106383
0.9089649551752241
0.9013018714401952
0.9046075085324232
0.9238423028785983
0.9074292452830188
0.9085570469798657
0.861423487544484
0.9053990610328638
0.9069072164948454
0.9035714285714286
0.8944985394352483
0.9141509433962264
0.9066666666666666
0.8882172915072686
0.9078203834510595
0.9085106382978724
0.9265238879736408
0.9127768313458262
0.9133676092544987
0.9277777777777778
0.8866212338593974
0.8846039970392302
0.9208141321044547
0.9162721893491125
0.9149916247906198
0.8856198347107438
0.8917892156862746
0.8923044925124792
0.8795185477505919
0.9094174757281553
0.9190217391304348
0.8985416666666667
0.9218617771509168
0.9090664272890485
0.9002707581227437
0.896917148362235
0.8983233979135619
0.9045212765957447
0.923049645390071
0.8679462571976967
0.9175465838509317
0.9164620107444359
0.9083698510078878
0.8904388714733542
0.8891768292682927
0.8580348499515973
0.8531372549019608
0.8924242424242425
0.8682708688245315
0.9148148148148149
0.9188643292682926
0.9133770239013107
0.9111023622047244
0.9050909090909091
0.9111827956989247
0.9065060240963856
0.9243836671802773
0.9010143702451395
0.9016558966074314
0.9171030405405406
0.9132773109243697
0.909489966555184
0.9070859167404783
0.9115526122148638
0.8096035734226689
0.8889908256880734
0.9133415435139574
0.9093272171253822
0.8928500986193294
0.9005116279069767
0.9133464566929134
0.8926955702167766
0.9064009661835749
0.889102564102564
0.9158580413297395
0.9079906904577192
0.907483492296405
0.8923136049192929
0.8903005464480874
0.8896579804560261
0.8939548434085943
0.8857899022801303
0.8970233609645818
0.8966292134831461
0.9074626865671642
0.9023809523809524
0.9143344709897611
0.882013358778626
0.8632644272179156
0.8081462291306851
0.8893617021276595
0.9083473861720067
0.8938091482649843
0.8948529411764706
0.9000921658986175
0.8932183908045978
0.9059602649006623
0.8928306092124815
0.9111111111111111
0.9150104239054899
0.909156050955414
0.9073529411764706
0.8986038394415358
0.8983088235294118
0.90364
0.9001725327812284
0.9169629057187016
0.9225395732966276
0.9070103857566766
0.890030792917629
0.885547703180212
0.9054940374787053
0.8971370967741935
0.9169428334714167
0.8872213375796179
0.8956917978458989
0.9010697305863709
0.9028044871794871
0.8963975694444445
0.8904741744284504
0.9136577181208053
0.9034521158129176
0.8866666666666667
0.9003897116134061
0.890625
0.9059926470588235
0.8782833505687694
0.8958961474036851
0.8802829354553493
0.9150163666121113
0.8792724196277496
0.9088612670408982
0.9026527331189711
0.9067362428842505
0.9101398601398601
0.9197282099343955
0.9040950040950041
0.9077618688771666
0.8928628708901363
0.8952732644017726
0.8982425307557118
0.9176366217175301
0.9028467153284672
0.9024279210925645
0.9111209964412811
0.9012820512820513
0.9021008403361345
0.9081128747795415
0.8983870967741936
0.9129968203497615
0.9148148148148149
0.9000972762645915
0.8750443262411347
0.9030548068283918
0.8657894736842106
0.9033446232006774
0.9042358803986711
0.8969395562356541
0.9056950672645739
0.9092307692307692
0.9077202543142597
0.8859649122807017
0.9105508474576272
0.909478672985782
0.9182506527415144
0.901109139307897
0.8955370101596517
0.9080058939096267
0.9025831873905429
0.901218450826806
0.9035073409461664
0.8960227272727272
0.8701003086419753
0.8919278996865204
0.9140262751159196
0.9010309278350516
0.9151544401544401
0.9223747980613893
0.9146320346320347
0.9012373968835931
0.8980734767025089
0.8716423357664234
0.9118364418938307
0.9055863708399366
0.8835553705245629
0.8845876701361088
0.9158158995815899
0.8764084507042254
0.8804878048780488
0.9298976109215017
0.9231974921630094
0.9247116237799468
0.919284064665127
0.9224097331240189
0.9212121212121213
0.9178238780694327
0.9225390625
0.8813253012048192
0.9261716171617161
0.922118826055834
0.9167707682698314
0.8985294117647059
0.9084626234132581
0.9205952380952381
0.9225352112676056
0.9146771037181997
0.8670345489443378
0.8926007005253941
0.9010089686098655
0.8762820512820513
0.9175398633257403
0.8882671480144404
0.8919147224456959
0.8898931799506984
0.8974222896133435
0.8897672552166934
0.890625
0.893210332103321
0.8973002958579882
0.8962686567164179
0.8861344537815126
0.8991638795986622
0.8799313893653516
0.875045871559633
0.8840483619344773
0.8757232212666145
0.83125
0.8746031746031746
0.9014856081708449
0.9019392917369309
0.8977872947894361
0.8988461538461539
0.9009118541033435
0.8988400994200497
0.900849963045085
0.8835298742138364
0.9151716068642746
0.8777777777777778
0.8749382716049383
0.8839130434782608
0.9026093630084421
0.8776105362182502
0.8846330275229358
0.9020720720720721
0.8906757912745936
0.9103531300160513
0.9112692307692307
0.9155068078668683
0.9122900763358779
0.8591304347826086
0.9231313131313131
0.9141215106732348
0.9066024268379729
0.9156548431105048
0.9157972079353417
0.866824034334764
0.8905802562170309
0.9145762711864407
0.907794830371567
0.9091235059760956
0.892896174863388
0.8930989583333333
0.8969660194174758
0.8472800537273337
0.9065238558909445
0.9135782747603833
0.8891132572431958
0.8887980769230769
0.900628667225482
0.9095217391304348
0.9139566395663956
0.8975812547241119
0.9213978494623656
0.8904151943462898
0.8790061633281973
0.876198347107438
0.8814584949573313
0.8738362068965517
0.8612809917355372
0.8377049180327869
0.8733267716535433
0.8859094790777113
0.8857769973661106
0.8914496527777778
0.8882999044890162
0.9147851727042966
0.9038994800693241
0.9117401215805471
0.8793328220858896
0.8559033280507131
0.8932419196865817
0.9163385826771654
0.8827174749807545
0.8138869823838939
0.9187793427230047
0.9040692989524577
0.9089671361502347
0.8082805907172996
0.9004962779156328
0.926729106628242
0.927059659090909
0.9272214386459803
0.8666092943201377
0.9216417910447762
0.918175338560228
0.9194029850746268
0.8862217017954723
0.8772727272727273
0.9170096463022508
0.9067466887417218
0.8577142857142858
0.9038039215686274
0.8515243902439025
0.909008327024981
0.9131650135256988
0.8366523605150215
0.8839686098654709
0.8961380443714051
0.9037122969837587
0.9164290142591445
0.9103576751117735
0.9084150943396226
0.9062460567823344
0.9150735294117647
0.917096536477524
0.90390625
0.882201203783319
0.9175359712230216
0.8890781563126252
0.9004151838671411
0.9036009933774835
0.916870876531574
0.8923946557040082
0.9107032057911065
0.8874061718098415
0.8988400994200497
0.8877409406322282
0.893866866118175
0.8616627265563436
0.9104496253122398
0.8860239852398524
0.8883959044368601
0.8920823436262866
0.9118090452261306
0.9194018404907975
0.9104744525547446
0.9209257842387146
0.9151867512332629
0.9045721476510067
0.924750830564784
0.8869585253456221
0.8923782920989625
0.9243243243243243
0.921742209631728
0.8840414507772021
0.9036744505494505
0.9150389242745931
0.9236529318541997
0.8932716568544996
0.8925434962717481
0.9268143866409763
0.9105064247921391
0.9174961119751166
0.9150478292862398
0.9176065573770492
0.9206103678929766
0.8645414847161572
0.866148445336008
0.8801345291479821
0.890126050420168
0.8995202952029521
0.8915701881331404
0.8473516949152542
0.915630797773655
0.8720559845559845
0.8588600451467269
0.893259385665529
0.8824644549763033
0.8522371364653244
0.874
0.8825806451612903
0.8757029876977153
0.8832682926829268
0.8255408653846154
0.8734097633136094
0.8479264844486334
0.8387292817679558
0.9098164405426975
0.8425549227013832
0.8769876325088339
0.8617972742759795
0.8456598759964571
0.8355199222546161
0.8591823899371069
0.8267782426778243
0.9051054852320675
0.8616576819407008
0.8739559164733178
0.8683920704845814
0.871969696969697
0.864721723518851
0.8857581967213115
0.9122211445198836
0.9037159372419488
0.87
0.8621725731895223
0.8661764705882353
0.8659215328467154
0.8592745638200183
0.8523972602739726
0.8985327313769752
0.8833017077798861
0.8709663865546219
0.8721033868092691
0.8569222577209797
0.8879725085910652
0.8975806451612903
0.8569116360454944
0.9077777777777778
0.8585461689587426
0.8380281690140845
0.8791868344627299
0.8870967741935484
0.85576
0.8193163097199341
0.8515073529411765
0.8731260647359455
0.8669826875515252
0.8615421920465567
0.8768032786885246
0.8588148873653281
0.8939264328485885
0.8701619121048574
0.858868778280543
0.8566162570888469
0.9029094827586207
0.8742884250474383
0.8940760059612519
0.8923271500843171
0.8823361823361824
0.8440177849636217
0.8790229885057471
0.8792553191489362
0.8926223241590214
0.9123250388802489
0.880671965317919
0.8569990850869167
0.8073260073260073
0.8892583120204604
0.9285860655737705
0.9155399835119539
0.8910521582733812
0.9194878472222222
0.9240972733971997
0.8755802707930368
0.9146013864818024
0.9173133235724744
0.8833605220228385
0.8968159552134359
0.9022346368715084
0.8747105966162065
0.8859469696969697
0.8819753086419753
0.9019967400162999
0.8887645478961504
0.8824521422060164
0.8946521739130435
0.8968283582089552
0.9033333333333333
0.901985559566787
0.8996212121212122
0.8992581602373887
0.9113419913419913
0.9148713826366559
0.8927495291902071
0.8955460883036406
0.9040079365079365
0.9221333333333334
0.8909937888198758
0.8742524916943522
0.8736180904522614
0.8123249299719888
0.9176970633693973
0.9178812922614575
0.9181853582554517
0.9155399835119539
0.90559265442404
0.9047619047619048
0.882960413080895
0.9086290322580645
0.9024165202108964
0.8834394904458599
0.9192872887582659
0.9228923476005189
0.9093080724876441
0.9151109410864575
0.9188269073010664
0.9116161616161617
0.9062028499580889
0.9158377964804897
0.9150625978090767
0.929463040446304
0.9151872964169381
0.8565295169946333
0.9169440242057488
0.9150352388410337
0.9184966838614591
0.926074074074074
0.916971637694419
0.8882599580712788
0.8914430746918056
0.87578125
0.9191189050470487
0.9112997090203686
0.9217527386541471
0.9130600169061708
0.9130742049469964
0.910603204524034
0.9229411764705883
0.9017338709677419
0.8861230329041487
0.9221090473337328
0.9197530864197531
0.8865256124721603
0.8763861055444222
0.8442452830188679
0.8743630573248408
0.8994296577946768
0.9177849927849928
0.9208483754512635
0.891058394160584
0.8628019323671497
0.880799683293745
0.882293986636971
0.8883991894630192
0.9224529780564263
0.9051958433253398
0.9170933734939759
0.9134615384615384
0.9152160864345739
0.9021864686468647
0.893807763401109
0.8796947271045329
0.9126606198034769
0.8887517146776406
0.8944020356234097
0.883984799131379
0.886026936026936
0.9231716147719045
0.8885339885339886
0.9263345195729538
0.9239516129032258
0.9211287988422576
0.8002252252252252
0.9141509433962264
0.8967219589257504
0.8557321772639692
0.8992910758965805
0.9039123630672926
0.8881161971830986
0.8940737833594976
0.909051724137931
0.9091037402964008
0.9062792511700468
0.878646288209607
0.8879261363636364
0.8840931615460852
0.8975267930750206
0.9065622353937342
0.9062351072279587
0.887781036168133
0.9102094240837696
0.9050077639751553
0.8943075615972812
0.9035284683239776
0.8868307426597583
0.8891132572431958
0.8918823529411765
0.8967672413793103
0.9
0.9150120096076861
0.9028740157480315
0.9017630465444287
0.9008196721311476
0.9042168674698795
0.8957361222847948
0.8832888888888889
0.8913260672116258
0.8923782920989625
0.8753053435114504
0.8568142361111111
0.7982691733810803
0.911671469740634
0.88389662027833
0.910263361735089
0.898377358490566
0.8961780575539569
0.892128164556962
0.8913346613545817
0.9145473393227367
0.9007304601899196
0.8746696035242291
0.8826241134751773
0.8962422634836428
0.8877393225331369
0.8655362053162237
0.8893350888742594
0.8796015936254981
0.8825907590759076
0.8832217573221758
0.90347551342812
0.9040322580645161
0.9084651162790698
0.8909937888198758
0.8961302681992337
0.8956171735241503
0.8929643527204503
0.9148148148148149
0.8905695611577964
0.9049500831946755
0.8800490883590463
0.9050582241630276
0.8998491704374058
0.9024193548387097
0.8931912374185909
0.9054045707226683
0.9051552795031056
0.9021752641392169
0.9017066085693537
0.9026280323450134
0.9053100498930863
0.8886874546773024
0.9058720420683611
0.9051647373107747
0.9045923149015932
0.8931862745098039
0.9209248170326014
0.9180788897005113
0.9058333333333334
0.8814347826086957
0.8944391179290508
0.8876262626262627
0.8578217821782178
0.8801602262016965
0.9051958433253398
0.9096041055718475
0.8936226749335695
0.8856573705179283
0.9006971340046476
0.862970106075217
0.8846185737976783
0.9060736677115987
0.9118167202572347
0.8968897637795276
0.8987525286581254
0.8789337919174549
0.9055820610687023
0.8836695112490303
0.9001589825119237
0.8860732538330494
0.8747715736040609
0.8939033742331288
0.8111285266457681
0.8886869436201781
0.8983451536643026
0.8912230215827338
0.8893155893536122
0.8834280303030303
0.8880616740088105
0.8914383561643836
0.8854368932038835
0.9060119492158327
0.8936978297161936
0.867094455852156
0.8947589900535577
0.8845113438045376
0.9133551673944688
0.8727972626176219
0.9047619047619048
0.8846960926193922
0.8919096895578551
0.9081497797356828
0.8935909519321394
0.895850796311819
0.8963043478260869
0.8938636363636364
0.8786294416243655
0.8939568345323741
0.8820373250388802
0.8831481481481481
0.8965928449744464
0.9004772393538913
0.8815931593159316
0.8982266435986159
0.8854283054003724
0.888235294117647
0.9027363184079602
0.8959482758620689
0.8957397003745319
0.9032786885245901
0.9
0.8900170648464164
0.90034516765286
0.9047240802675586
0.8925099206349206
0.8835324232081911
0.8713850174216028
0.890128617363344
0.8902822322001283
0.8976377952755905
0.9156814449917898
0.855180608365019
0.8667942176870749
0.8974250576479631
0.8951320132013202
0.9043859649122807
0.8777004909983633
0.902094017094017
0.890251572327044
0.890251572327044
0.8842126957955482
0.8998447204968945
0.8927805280528053
0.8757927300850735
0.896969696969697
0.8929304029304029
0.9015162721893492
0.9105451005840364
0.8908681408681409
0.9128722084367246
0.8927710843373494
0.8997734138972809
0.8891341991341991
0.9003458877786318
0.919212962962963
0.8901229823212913
0.8896452145214522
0.8908123028391167
0.88754565376187
0.890809968847352
0.908559670781893
0.892526690391459
0.8658854166666666
0.8843946188340808
0.8885739592559787
0.8777887462981244
0.9033424283765348
0.8955357142857143
0.8982520325203251
0.9091264667535854
0.8985416666666667
0.9058980213089802
0.8955364455364455
0.9044059795436664
0.862481426448737
0.8905156537753223
0.8875513557929334
0.9049074818986323
0.8978802992518703
0.8854283054003724
0.8910635155096012
0.8984096198603568
0.8783018867924528
0.9055996472663139
0.8925668979187315
0.8720672682526661
0.898046875
0.9019319227230911
0.877503974562798
0.9115863141524105
0.9015138408304498
0.8784549689440994
0.8936073059360731
0.8663872590108969
0.8961822660098522
0.8945761166818597
0.9014656616415411
0.903813155386082
0.9040919719407638
0.8982993197278911
0.8929121725731896
0.8948036006546645
0.8900525854513585
0.9098243331164606
0.9094605475040257
0.9038344722854973
0.8868797308662741
0.8981346678798908
0.8995016611295681
0.8991803278688525
0.8768415178571428
0.8967436108821105
0.8990030674846625
0.8658526490066225
0.8710791925465838
0.8735208535402522
0.8997667185069984
0.9089589235127479
0.8973475851148061
0.8914691943127963
0.8864312267657992
0.8792218543046357
0.8946004319654428
0.8844579226686884
0.9093686354378818
0.898770816812054
0.8913671875
0.8968146718146718
0.8952286282306163
0.8821428571428571
0.8894948755490483
0.8956032719836401
0.89391771019678
0.9168029739776952
0.8851926163723917
0.8974333333333333
0.8636363636363636
0.8952960259529602
0.8907894736842106
0.8947089947089947
0.8560251798561151
0.862037037037037
0.891390423572744
0.894844020797227
0.9081716417910448
0.9159846547314578
0.8764689265536724
0.8910888671875
0.8811915887850468
0.8904448938321536
0.8936558094312105
0.8990721649484537
0.89072
0.9088780918727916
0.9124438454627134
0.8726202158979391
0.8982520325203251
0.8986486486486487
0.8971784232365145
0.902
0.8910344827586207
0.8892539964476022
0.9037421100090172
0.9088307440719542
0.916201923076923
0.9079983922829582
0.8876679841897234
0.8990917347865577
0.8966698382492864
0.9026690391459075
0.8885464231354643
0.888387379491674
0.908695652173913
0.8942028985507247
0.893944099378882
0.8871501272264631
0.8977064220183486
0.9189494163424125
0.8711191335740072
0.8977580372250423
0.8973122866894198
0.8950867052023121
0.8914245216158753
0.8830869565217392
0.9155478395061728
0.9171038824763903
0.8768126888217522
0.9028198653198654
0.9238156761412576
0.9303749043611323
0.9208360548661005
0.8732459248759745
0.9084278768233387
0.9107197549770291
0.8979703608247422
0.8832644628099173
0.8900074294205051
0.8786535859269283
0.9195187165775401
0.9258246936852026
0.9267029972752043
0.8864221364221364
0.8897837434750187
0.8786418816388467
0.8830076465590484
0.8886852589641434
0.8827586206896552
0.8842250196695516
0.9120595144870791
0.9067804024496938
0.9032786885245901
0.8700187090739009
0.8630064829821718
0.9126157407407407
0.9062139917695473
0.9175546448087432
0.9043594306049823
0.8553411131059246
0.7917881811204912
0.9123835403726708
0.9148977987421384
0.9233146067415731
0.9075273722627737
0.9121800947867299
0.9106660666066607
0.8123052959501558
0.9155935613682092
0.8955675675675676
0.9122771474878444
0.9153399668325042
0.9110169491525424
0.9237931034482758
0.9277777777777778
0.9182188065099457
0.9187756778964667
0.9206563706563706
0.9088124410933082
0.9199667221297837
0.9159922178988327
0.8851727042965459
0.9114213197969543
0.9008620689655172
0.9202298050139276
0.9092699884125145
0.8298771676300578
0.9063872255489022
0.9129335260115607
0.8773043478260869
0.9114088159031979
0.9114363778298205
0.9194306930693069
0.9184412265758092
0.8997315950920245
0.8998972602739727
0.8985583684950773
0.8996212121212122
0.9188643292682926
0.9279878048780488
0.920022539444027
0.9187620889748549
0.9121593291404612
0.9144163763066202
0.9145314787701317
0.9175536139793486
0.9096863468634686
0.8871323529411764
0.9130074565037283
0.9145915939730372
0.9148977987421384
0.8876385336743393
0.9041277258566979
0.9094466403162055
0.9088942307692308
0.9046887631366208
0.9072943172179814
0.8693240901213172
0.9051240992794235
0.9105407523510972
0.9109177215189873
0.8848039215686274
0.9065359477124183
0.903041825095057
0.9174325309992706
0.9061217008797654
0.9051685393258427
0.8669346733668342
0.9128722084367246
0.9195013661202186
0.895458440445587
0.8928515625
0.9023356401384083
0.902970297029703
0.9019197207678883
0.9046268656716417
0.8922517123287671
0.9011794439764111
0.9037922506183017
0.893940990516333
0.9049763033175355
0.9047619047619048
0.8827167019027484
0.9084600760456274
0.9069311246730601
0.9208844133099825
0.8946948356807511
0.9051349325337331
0.916478978978979
0.917900790797987
0.922667829119442
0.914375
0.9032089552238806
0.9075558475689882
0.8970799640610961
0.8980141218005295
0.8953283683141503
0.9005208333333333
0.8882186616399623
0.9255430410297667
0.9256410256410257
0.9170995670995671
0.9178099173553719
0.8838349097162511
0.9090720795360397
0.9179680567879326
0.9195187165775401
0.9231884057971015
0.9208298755186722
0.9109219858156028
0.8936948297604035
0.9222486413043478
0.9242314647377938
0.9056215360253365
0.9130213160333642
0.9203576864535769
0.9226618705035972
0.9218581687612208
0.9207956600361664
0.916868840030326
0.9117962466487936
0.9077369439071566
0.9064741035856574
0.9242927429274292
0.9242469879518073
0.9224304715840387
0.923962962962963
0.9228780864197531
0.9222074468085106
0.9141865079365079
0.9204356846473029
0.8649638336347197
0.9097647058823529
0.8869506726457399
0.9019296740994854
0.8844325153374233
0.835214626391097
0.8965575146935348
0.9205616526791478
0.9049125728559534
0.9183835182250396
0.8892199824715162
0.9037140575079872
0.8995128432240921
0.8925910596026491
0.9021428571428571
0.8890253565768621
0.909407796101949
0.9187929717341482
0.8966687230104874
0.8911132194813409
0.9032894736842105
0.9030588235294118
0.8776538461538461
0.8834037162162162
0.8873863636363636
0.9175853018372704
0.9104483586869495
0.8972634870992964
0.8785051546391752
0.8922022279348758
0.9048596112311015
0.8031569173630455
0.9093415637860083
0.8878876781223806
0.9222627737226278
0.9147580645161291
0.9224330357142857
0.9032168387609214
0.8839856230031949
0.9027117384843982
0.9110209923664122
0.9059871703492516
0.8894607843137254
0.8981818181818182
0.9040322580645161
0.8940222032450896
0.886572700296736
0.8827572016460905
0.8767840152235966
0.8977935054121565
0.8962430426716141
0.81028522039758
0.8708333333333333
0.9096969696969697
0.8875092387287509
0.9007227891156463
0.9160039761431411
0.8965791940018745
0.8925
0.9157657657657657
0.8984895429899303
0.889297124600639
0.9197907949790795
0.9218458933107536
0.9227905073649755
0.9201570680628273
0.9015865384615385
0.9227957799547852
0.900312256049961
0.8982520325203251
0.8906803355079217
0.9099703264094956
0.9143578643578644
0.914638511095204
0.9105431309904153
0.9182628062360801
0.9208676140613313
0.9260349288486417
0.9235294117647059
0.9227011494252874
0.9203125
0.9043727598566308
0.9044689119170984
0.9207796852646638
0.928082191780822
0.9267049808429119
0.924896779521057
0.9278688524590164
0.9265432098765433
0.92568
0.9248135874067938
0.9257575757575758
0.9195258019525802
0.9211927223719677
0.9131067961165048
0.9180779569892473
0.9180672268907563
0.9175853018372704
0.9178955453149001
0.9111610793131644
0.9181495809155383
0.912410071942446
0.9097457627118644
0.9230113636363636
0.9273667711598746
0.9162301216089803
0.9090837901331245
0.925
0.9227459016393442
0.9181938325991189
0.9175521821631879
0.916480965645311
0.9226100151745068
0.9136942675159235
0.9182475158084914
0.9282335550628233
0.9212536023054755
0.9066248880931065
0.8964669051878354
0.9259087066779375
0.9221785714285714
0.922543352601156
0.9186282811176969
0.9127450980392157
0.9172950819672131
0.9057315936626281
0.9192194403534609
0.9191725256895619
0.9107283464566929
0.8924713584288052
0.9124709527498064
0.889155749636099
0.8704386839481555
0.8850691619202604
0.9124438454627134
0.9143063583815029
0.9160403299725023
0.912987012987013
0.8739338555265448
0.881945788964182
0.8950413223140495
0.9233437256430241
0.922835583796664
0.9026739926739926
0.884761281883584
0.9316129032258065
0.9208119970738844
0.9102193419740777
0.9286444141689373
0.9295098039215687
0.9240480132450332
0.9236111111111112
0.9183860232945091
0.9202427564604542
0.9227885425442292
0.9204663212435233
0.9210904480135249
0.9226032735775526
0.924061433447099
0.9002147766323024
0.9089455488331892
0.9078746177370031
0.9051817478731632
0.9049568965517242
0.9151880424300868
0.9194054500412882
0.9147580645161291
0.9075079872204472
0.9183812405446293
0.9215474209650583
0.9266871165644172
0.927710355987055
0.9173539518900343
0.9262697751873439
0.9215748031496063
0.9274502297090352
0.9215325342465753
0.9251453488372093
0.9232394366197183
0.9235912847483095
0.921294964028777
0.9184470377019749
0.922836719337848
0.9182475158084914
0.9228361669242658
0.9207563764291996
0.9234678044996121
0.9162254160363086
0.9230769230769231
0.9259949463044852
0.9197631384159881
0.9234265734265734
0.9233229329173167
0.9244011976047904
0.9126278520849724
0.9209430756159728
0.908559670781893
0.9273809523809524
0.9282817109144543
0.926266481609993
0.9254944110060189
0.9246749024707412
0.928485491861288
0.9250187828700226
0.9246775580395529
0.9213528932355338
0.9195143104943625
0.9190497737556561
0.9209860383944154
0.9171220400728597
0.9259493670886076
0.9250656167979002
0.917985347985348
0.9199367088607595
0.8997021839841165
0.9137533274179237
0.8886260236578708
0.9104541154210029
0.9129569455727051
0.9177644710578843
0.9052403846153846
0.9162985274431058
0.927016129032258
0.91788256227758
0.9167462211614956
0.9276385725132877
0.9148444070647603
0.9114333057166528
0.9231204527081649
0.9133608815426997
0.9131067961165048
0.9153550863723608
0.9141153081510934
0.9211148648648648
0.9120379620379621
0.9186440677966101
0.9136521739130434
0.9083824768323505
0.9036585365853659
0.9272049286640727
0.9259754335260115
0.921857485988791
0.9214046822742475
0.9248677248677248
0.9297128129602357
0.9264312977099237
0.9226618705035972
0.9210904480135249
0.9201830863121185
0.9263485477178424
0.9262169680111265
0.9196056547619048
0.8901978417266188
0.9208400646203554
0.9189328743545611
0.9079646017699115
0.9100064766839379
0.9040550595238095
0.9157657657657657
0.9266219239373602
0.924804992199688
0.9158217497955846
0.8804699537750386
0.8787856071964018
0.9209105560032232
0.9145314787701317
0.895236188951161
0.9217536407766991
0.9046224961479199
0.9141227380015735
0.9191780821917809
0.9217741935483871
0.9247990353697749
0.9227923627684964
0.9157740993184031
0.9234
0.91258038585209
0.9184647302904564
0.9139240506329114
0.9203362690152121
0.9201960784313725
0.9179498269896194
0.9245329000812348
0.9147236614853195
0.9232394366197183
0.9218395815170009
0.9198130841121496
0.9217903930131004
0.9110655737704918
0.83659035159444
0.9171383647798742
0.9060088202866593
0.9165034280117532
0.923463687150838
0.9074273858921161
0.9155205348615091
0.9187833037300177
0.9179872495446266
0.919724375538329
0.9204373423044575
0.922145061728395
0.9225521669341894
0.9235714285714286
0.9108027006751688
0.9165492957746478
0.8832531280076997
0.9107262569832403
0.9050118389897396
0.8896690518783542
0.9169953051643193
0.9157169990503324
0.8783199195171026
0.8961931290622098
0.8902804642166344
0.916868840030326
0.9259797724399494
0.8693843594009983
0.870291095890411
0.8351573676680972
0.9007646559048428
0.8856284153005465
0.903469387755102
0.913745148771022
0.909948224852071
0.9089058524173028
0.9045048701298701
0.9084777694046722
0.9043496271748136
0.908695652173913
0.9052848885218827
0.9059656652360515
0.9005479452054794
0.9011957484499558
0.9077386468952734
0.920125786163522
0.9250187828700226
0.9215775158658205
0.9250562640660165
0.9188131313131314
0.9239055793991416
0.9147830018083183
0.9064648117839608
0.9080882352941176
0.9052654109589041
0.9195061728395062
0.9099642857142857
0.9095257234726688
0.9110595514307811
0.9165268456375839
0.9148726376335251
0.9129661016949152
0.9161864406779661
0.9142332415059687
0.9214870395634379
0.9197183098591549
0.9164014146772768
0.9200726978998385
0.8935794542536115
0.9125984251968504
0.9146182495344507
0.91253081347576
0.9005457598656591
0.925765306122449
0.9046772684752105
0.9121442125237191
0.9179607843137255
0.9199189985272459
0.9180859375
0.9172938350680544
0.9225017229496899
0.913747553816047
0.9210869565217391
0.920957361222848
0.9237656903765691
0.9193548387096774
0.9177053824362607
0.9117541337167505
0.9140252454417952
0.9175081433224755
0.9251538461538461
0.9251238499646143
0.9248487140695916
0.9226928895612708
0.9161002548853017
0.924357326478149
0.9186567164179105
0.9271501457725948
0.924385408406027
0.9197551020408163
0.9241353936718175
0.9242048099301784
0.9180603448275862
0.9124725676664228
0.9051738410596026
0.9142919580419581
0.908160621761658
0.9145878136200717
