0.40491803278688526
0.33125
0.4312883435582822
0.552027027027027
0.5811764705882353
0.5675324675324676
0.3996031746031746
0.5391891891891892
0.5445121951219513
0.6037383177570094
0.5457446808510639
0.43066666666666664
0.5181818181818182
0.6035294117647059
0.5123595505617977
0.452803738317757
0.5293893129770992
0.6626050420168067
0.5911111111111111
0.6426470588235295
0.6114942528735632
0.5651898734177215
0.5625
0.665
0.7074468085106383
0.6881889763779527
0.475
0.520673076923077
0.6504504504504505
0.5981481481481481
0.59375
0.5442708333333334
0.7163934426229508
0.6168831168831169
0.6695238095238095
0.5513392857142857
0.5428571428571428
0.5505681818181818
0.6100917431192661
0.49948453608247423
0.5441747572815534
0.5625
0.5163043478260869
0.5908536585365853
0.6586666666666666
0.646
0.4470588235294118
0.4309278350515464
0.6066265060240964
0.5356382978723404
0.6005747126436781
0.5379518072289157
0.5531645569620253
0.66796875
0.5465753424657535
0.5379518072289157
0.6012658227848101
0.601171875
0.6406976744186047
0.653125
0.5097560975609756
0.5809917355371901
0.5602564102564103
0.5230337078651686
0.651048951048951
0.5772151898734177
0.4004132231404959
0.5772151898734177
0.6693181818181818
0.625609756097561
0.4666666666666667
0.5576086956521739
0.5682242990654206
0.6
0.5541666666666667
0.5379518072289157
0.5252941176470588
0.6813793103448276
0.3660550458715596
0.3605839416058394
0.5265060240963856
0.6247747747747747
0.5856164383561644
0.5602564102564103
0.5266304347826087
0.6107142857142858
0.5908536585365853
0.6253164556962025
0.6387931034482759
0.5721590909090909
0.5516129032258065
0.6306034482758621
0.4697802197802198
0.5675324675324676
0.4186440677966102
0.6075581395348837
0.5657303370786517
0.5953333333333334
0.5676829268292682
0.6774590163934426
0.5141176470588236
0.5602564102564103
0.5331632653061225
0.59375
0.5
0.6295180722891566
0.5337078651685393
0.5191860465116279
0.5123595505617977
0.6221238938053097
0.456
0.5767857142857142
0.5277777777777778
0.5829545454545455
0.562962962962963
0.43258928571428573
0.5838541666666667
0.5036144578313253
0.6053921568627451
0.5369565217391304
0.5846153846153846
0.625609756097561
0.5837349397590361
0.65
0.5337078651685393
0.5909448818897638
0.5875
0.6195652173913043
0.581875
0.5922077922077922
0.4961111111111111
0.6240196078431373
0.54
0.5716814159292035
0.5551948051948052
0.5428571428571428
0.5428571428571428
0.5369565217391304
0.7556818181818182
0.5089285714285714
0.5244791666666667
0.5805555555555556
0.5875
0.5123595505617977
0.5887323943661972
0.6107142857142858
0.5678160919540229
0.576063829787234
0.5741758241758241
0.5913265306122449
0.4453125
0.42552083333333335
0.5150602409638554
0.4943877551020408
0.6211538461538462
0.4354166666666667
0.59375
0.6455128205128206
0.5241379310344828
0.5777027027027027
0.475
0.6199152542372881
0.46192660550458714
0.6551724137931034
0.4952127659574468
0.6630208333333333
0.41226415094339625
0.40714285714285714
0.608
0.6253164556962025
0.5445121951219513
0.5908536585365853
0.5123595505617977
0.5092783505154639
0.5744186046511628
0.5480769230769231
0.53
0.5141176470588236
0.5395061728395062
0.4266949152542373
0.5588235294117647
0.605625
0.5331632653061225
0.5721590909090909
0.6035294117647059
0.6122222222222222
0.6365
0.5720430107526882
0.46620370370370373
0.5550561797752809
0.562962962962963
0.5953333333333334
0.7531531531531531
0.6129032258064516
0.5676829268292682
0.6367021276595745
0.6448905109489051
0.6820512820512821
0.45340909090909093
0.45
0.5411392405063291
0.6422535211267606
0.456
0.5046875
0.475
0.6208661417322835
0.36642857142857144
0.7212962962962963
0.675206611570248
0.6972477064220184
0.5744186046511628
0.5676829268292682
0.558125
0.46510416666666665
0.5302325581395348
0.5632743362831858
0.6045454545454545
0.5885869565217391
0.5
0.5798701298701299
0.5412790697674419
0.6097014925373134
0.4570754716981132
0.6694630872483222
0.6
0.5659574468085107
0.6
0.5412790697674419
0.6012658227848101
0.5560975609756098
0.5675324675324676
0.5839449541284404
0.59375
0.5594444444444444
0.5066666666666667
0.5541666666666667
0.6191011235955056
0.5512345679012346
0.5459770114942529
0.4846938775510204
0.59
0.5875
0.6107142857142858
0.57
0.5172222222222222
0.6114942528735632
0.5767857142857142
0.49292452830188677
0.4465811965811966
0.5488888888888889
0.5493975903614458
0.7189189189189189
0.58
0.5505681818181818
0.7895555555555556
0.7028455284552846
0.6123966942148761
0.57
0.586764705882353
0.4596774193548387
0.46510416666666665
0.5989130434782609
0.5617391304347826
0.6450617283950617
0.6095833333333334
0.5746913580246914
0.624537037037037
0.5397727272727273
0.6956692913385827
0.5404191616766467
0.4272189349112426
0.5846153846153846
0.5373737373737374
0.3724
0.5880952380952381
0.57
0.6113861386138614
0.48489583333333336
0.5066666666666667
0.5856164383561644
0.5654761904761905
0.418
0.5059782608695652
0.7427272727272727
0.49292452830188677
0.5905405405405405
0.40091743119266054
0.6164893617021276
0.6094339622641509
0.54625
0.4642045454545455
0.4698924731182796
0.3886363636363636
0.4247967479674797
0.5445121951219513
0.4222222222222222
0.5053191489361702
0.551
0.6257936507936508
0.5588235294117647
0.5154255319148936
0.4797029702970297
0.5066666666666667
0.5981481481481481
0.4608910891089109
0.5488888888888889
0.605625
0.4505154639175258
0.581875
0.6642857142857143
0.35984848484848486
0.6367021276595745
0.5792682926829268
0.5724358974358974
0.5034188034188034
0.6211538461538462
0.5397727272727273
0.5922077922077922
0.6066265060240964
0.5391891891891892
0.5829545454545455
0.5395061728395062
0.5875
0.5493975903614458
0.562962962962963
0.6959302325581396
0.5861702127659575
0.5922077922077922
0.6033783783783784
0.5746913580246914
0.4843137254901961
0.6680645161290323
0.59375
0.5313559322033898
0.5678160919540229
0.7187830687830687
0.5864197530864198
0.534375
0.494
0.6219424460431655
0.52
0.5648648648648649
0.6039285714285715
0.5073863636363637
0.6066265060240964
0.5493975903614458
0.6054945054945055
0.475
0.3212230215827338
0.6582142857142858
0.5493975903614458
0.6186046511627907
0.6220238095238095
0.6045454545454545
0.6147058823529412
0.5350574712643679
0.5854651162790697
0.5202380952380953
0.6630208333333333
0.5413978494623656
0.605625
0.54
0.41619047619047617
0.4085
0.6089743589743589
0.6069444444444444
0.5837349397590361
0.7101941747572815
0.5560975609756098
0.5846153846153846
0.42410714285714285
0.5668067226890756
0.5746913580246914
0.57
0.6286764705882353
0.5395061728395062
0.5792682926829268
0.5029411764705882
0.4309278350515464
0.3708904109589041
0.5746913580246914
0.5865217391304348
0.6186046511627907
0.4896907216494845
0.57
0.6066265060240964
0.5442708333333334
0.5633720930232559
0.5595890410958904
0.49948453608247423
0.5476470588235294
0.6957746478873239
0.532
0.33615384615384614
0.59375
0.5337078651685393
0.6024390243902439
0.6617977528089888
0.5967948717948718
0.3783898305084746
0.5560975609756098
0.5230337078651686
0.5908536585365853
0.5397727272727273
0.5588235294117647
0.5622448979591836
0.6333333333333333
0.6449541284403669
0.5829545454545455
0.6442528735632184
0.5244791666666667
0.529113924050633
0.4696629213483146
0.8199404761904762
0.6054945054945055
0.5739583333333333
0.5721590909090909
0.558125
0.61
0.6446428571428572
0.5541666666666667
0.5338095238095238
0.5550561797752809
0.5846153846153846
0.5225
0.6617977528089888
0.4486111111111111
0.5059782608695652
0.6593283582089552
0.5331632653061225
0.5613636363636364
0.5741758241758241
0.6
0.387037037037037
0.4961111111111111
0.6641592920353983
0.5767857142857142
0.5588235294117647
0.5145833333333333
0.6071428571428571
0.605625
0.5854651162790697
0.6132911392405064
0.588495575221239
0.6451492537313432
0.4952127659574468
0.5854651162790697
0.6180722891566265
0.76
0.5675324675324676
0.5659574468085107
0.5480769230769231
0.46444444444444444
0.5022988505747127
0.6421296296296296
0.5757575757575758
0.5994047619047619
0.5905405405405405
0.7618811881188119
0.6292207792207792
0.5265060240963856
0.5989130434782609
0.6402173913043478
0.6861111111111111
0.5005376344086021
0.57
0.4961111111111111
0.6698717948717948
0.3958333333333333
0.47010309278350515
0.5022988505747127
0.5513392857142857
0.5744186046511628
0.625
0.5887323943661972
0.501685393258427
0.4648936170212766
0.36538461538461536
0.6208661417322835
0.5170886075949367
0.5132183908045977
0.4801075268817204
0.4910112359550562
0.475
0.5846153846153846
0.6107142857142858
0.5626923076923077
0.5651898734177215
0.4284313725490196
0.6773148148148148
0.6333333333333333
0.560843373493976
0.639795918367347
0.6935
0.6465277777777778
0.5213414634146342
0.5413978494623656
0.4956521739130435
0.5493975903614458
0.5925742574257425
0.4426136363636364
0.6045454545454545
0.5051587301587301
0.521978021978022
0.5994047619047619
0.57
0.6114942528735632
0.7555555555555555
0.665
0.6698717948717948
0.5073863636363637
0.5767857142857142
0.5741758241758241
0.6
0.5576086956521739
0.5582474226804124
0.5896551724137931
0.42552083333333335
0.629375
0.6
0.5829545454545455
0.6297752808988764
0.538659793814433
0.54625
0.560843373493976
0.5036144578313253
0.551
0.5383333333333333
0.5792682926829268
0.6164893617021276
0.581875
0.5568965517241379
0.5097560975609756
0.5854651162790697
0.54625
0.43716814159292033
0.5574380165289257
0.6365
0.6455128205128206
0.6107142857142858
0.6296511627906977
0.5364705882352941
0.475
0.6364077669902912
0.6509259259259259
0.5913265306122449
0.5443820224719101
0.5233050847457628
0.5265060240963856
0.6375838926174496
0.48717948717948717
0.49007936507936506
0.35888888888888887
0.4961111111111111
0.6852459016393443
0.6063829787234043
0.5507246376811594
0.6576923076923077
0.6168831168831169
0.6084269662921349
0.46116504854368934
0.7247422680412371
0.46216216216216216
0.6122222222222222
0.49137931034482757
0.5493975903614458
0.5480769230769231
0.4616822429906542
0.6576923076923077
0.7414634146341463
0.5924731182795699
0.6045454545454545
0.5613636363636364
0.5476470588235294
0.57
0.5568965517241379
0.55
0.42876106194690267
0.57
0.40192307692307694
0.6180722891566265
0.6630208333333333
0.5568965517241379
0.6116438356164383
0.415625
0.46620370370370373
0.56
0.48333333333333334
0.5772151898734177
0.5654761904761905
0.579047619047619
0.57
0.5191860465116279
0.497196261682243
0.5678160919540229
0.5453703703703704
0.5004464285714286
0.6063829787234043
0.6142241379310345
0.6059055118110236
0.6785714285714286
0.5558510638297872
0.6191011235955056
0.5375
0.5872727272727273
0.6371951219512195
0.596694214876033
0.6705882352941176
0.415625
0.5550561797752809
0.6141414141414141
0.625609756097561
0.5556603773584906
0.4396694214876033
0.6920529801324503
0.43018867924528303
0.6681318681318681
0.6981060606060606
0.5831683168316831
0.5588235294117647
0.5329268292682927
0.6170940170940171
0.59375
0.59
0.5532967032967033
0.4797029702970297
0.5721590909090909
0.44271844660194176
0.69765625
0.5724358974358974
0.589240506329114
0.6153409090909091
0.5984251968503937
0.6547297297297298
0.5805555555555556
0.5092783505154639
0.6211538461538462
0.6298913043478261
0.5861702127659575
0.58
0.36801801801801803
0.5383333333333333
0.581875
0.5679347826086957
0.5875
0.5488888888888889
0.5853535353535354
0.4797029702970297
0.4789915966386555
0.6211538461538462
0.5369565217391304
0.49915254237288137
0.7088082901554404
0.40129310344827585
0.6576923076923077
0.4104
0.6988505747126437
0.6265957446808511
0.665
0.36944444444444446
0.5428571428571428
0.42035398230088494
0.3773049645390071
0.5018867924528302
0.5115384615384615
0.5565656565656566
0.6024390243902439
0.5654761904761905
0.5622448979591836
0.5397727272727273
0.6450617283950617
0.6637820512820513
0.3813380281690141
0.4261682242990654
0.6162162162162163
0.581875
0.6045454545454545
0.59375
0.5209677419354839
0.7336633663366336
0.46030927835051544
0.6333333333333333
0.57
0.5767857142857142
0.6729166666666667
0.5428571428571428
0.47072072072072074
0.6175
0.5767857142857142
0.39915966386554624
0.5896551724137931
0.6195652173913043
0.5445121951219513
0.5476470588235294
0.5377358490566038
0.6234375
0.5676829268292682
0.625
0.5923529411764706
0.5519047619047619
0.5532967032967033
0.5350574712643679
0.4059090909090909
0.49292452830188677
0.4837962962962963
0.6774590163934426
0.4165384615384615
0.6736363636363636
0.57
0.572289156626506
0.6167910447761195
0.6211538461538462
0.4714285714285714
0.5512345679012346
0.36666666666666664
0.5525510204081633
0.6
0.6066265060240964
0.4161157024793388
0.7028455284552846
0.5846153846153846
0.49948453608247423
0.4593406593406593
0.5329268292682927
0.5364705882352941
0.5962765957446808
0.758994708994709
0.48532608695652174
0.6368131868131868
0.5247619047619048
0.5880952380952381
0.5089285714285714
0.6585227272727273
0.49948453608247423
0.5079207920792079
0.4952127659574468
0.5053191489361702
0.5870786516853933
0.6855670103092784
0.5741758241758241
0.5277777777777778
0.6089743589743589
0.4577272727272727
0.5493975903614458
0.5541666666666667
0.5826666666666667
0.5772151898734177
0.581875
0.6098765432098765
0.7139053254437869
0.521978021978022
0.5523255813953488
0.6238805970149254
0.5215686274509804
0.43648648648648647
0.5428571428571428
0.6116438356164383
0.4593406593406593
0.6098765432098765
0.605241935483871
0.6595041322314049
0.6557522123893805
0.6959302325581396
0.7641304347826087
0.5794326241134752
0.6381679389312978
0.5289772727272727
0.5613636363636364
0.6571428571428571
0.5637362637362637
0.5464601769911505
0.5089285714285714
0.38283582089552237
0.5133064516129032
0.5213414634146342
0.49817073170731707
0.36473214285714284
0.5358974358974359
0.602112676056338
0.655952380952381
0.544017094017094
0.5123595505617977
0.5445121951219513
0.48984375
0.5128318584070797
0.5872727272727273
0.5951807228915663
0.589240506329114
0.5293893129770992
0.5288659793814433
0.6432291666666666
0.4448412698412698
0.5767857142857142
0.5173267326732673
0.4961111111111111
0.5678160919540229
0.7687022900763358
0.5493975903614458
0.3717391304347826
0.5624
0.5951807228915663
0.7299435028248588
0.648235294117647
0.5651898734177215
0.6333333333333333
0.5772151898734177
0.6199152542372881
0.5428571428571428
0.5213414634146342
0.6375
0.6182539682539683
0.6333333333333333
0.5122549019607843
0.6626050420168067
0.42792792792792794
0.4126262626262626
0.4801075268817204
0.6132911392405064
0.6576923076923077
0.5588235294117647
0.5443820224719101
0.37457142857142856
0.5115384615384615
0.4698924731182796
0.5401960784313725
0.4166666666666667
0.5005376344086021
0.6005747126436781
0.5230337078651686
0.6656934306569343
0.6258823529411764
0.5411392405063291
0.5951807228915663
0.6617977528089888
0.6935
0.5962765957446808
0.6045454545454545
0.4083333333333333
0.55
0.6691304347826087
0.5428571428571428
0.624537037037037
0.558125
0.57
0.5238317757009345
0.3247863247863248
0.6168831168831169
0.48
0.5741758241758241
0.5963503649635037
0.5541666666666667
0.5885869565217391
0.6066265060240964
0.6537634408602151
0.6409638554216868
0.5477477477477477
0.5659574468085107
0.5338095238095238
0.558125
0.5878125
0.7066115702479339
0.425
0.5953333333333334
0.7566371681415929
0.5829545454545455
0.6140243902439024
0.5095454545454545
0.6253164556962025
0.52
0.5864197530864198
0.6141414141414141
0.4577272727272727
0.6012658227848101
0.5097560975609756
0.5523255813953488
0.5350574712643679
0.608
0.57
0.6446428571428572
0.5160493827160494
0.4980582524271845
0.597752808988764
0.48058823529411765
0.5568965517241379
0.546969696969697
0.7080188679245283
0.57
0.41304347826086957
0.5798701298701299
0.5573333333333333
0.5484536082474227
0.5053191489361702
0.6685185185185185
0.57
0.5558510638297872
0.5154255319148936
0.605625
0.5445121951219513
0.501685393258427
0.6224137931034482
0.5735849056603773
0.5379518072289157
0.589
0.5602564102564103
0.57
0.4956521739130435
0.5383333333333333
0.5798701298701299
0.5861702127659575
0.6449541284403669
0.4851063829787234
0.5861702127659575
0.5618279569892473
0.5541666666666667
0.5911111111111111
0.5190721649484537
0.6685185185185185
0.5885869565217391
0.6168831168831169
0.37109375
0.6045454545454545
0.6072164948453608
0.49
0.6711009174311927
0.5588235294117647
0.45740740740740743
0.48807339449541287
0.5441747572815534
0.4925925925925926
0.572289156626506
0.5476470588235294
0.6033783783783784
0.5838541666666667
0.5349514563106796
0.475
0.6468085106382979
0.665
0.5412790697674419
0.6409638554216868
0.6114942528735632
0.5457446808510639
0.5875
0.5213414634146342
0.5150602409638554
0.6069444444444444
0.6246575342465753
0.672566371681416
0.49032258064516127
0.54625
0.5920289855072464
0.7476331360946745
0.5335616438356164
0.6394230769230769
0.5428571428571428
0.475
0.4616822429906542
0.38513513513513514
0.6265957446808511
0.5089285714285714
0.54
0.5329268292682927
0.475
0.5981481481481481
0.4845
0.3732142857142857
0.5150602409638554
0.5350574712643679
0.415625
0.534375
0.6125
0.5541666666666667
0.562962962962963
0.5663461538461538
0.5550561797752809
0.5678160919540229
0.5956349206349206
0.5459770114942529
0.6253164556962025
0.5864197530864198
0.59375
0.572289156626506
0.5721590909090909
0.5160493827160494
0.5767857142857142
0.6353125
0.608
0.5475369458128079
0.5772151898734177
0.6113861386138614
0.6129032258064516
0.6333333333333333
0.6234375
0.43846153846153846
0.5036144578313253
0.5911111111111111
0.5029411764705882
0.6298913043478261
0.572289156626506
0.707843137254902
0.6711009174311927
0.5412790697674419
0.6370588235294118
0.5811764705882353
0.6
0.5066666666666667
0.47892561983471077
0.4616822429906542
0.5277777777777778
0.5654761904761905
0.4608910891089109
0.551
0.6465277777777778
0.4058252427184466
0.5412790697674419
0.5951807228915663
0.5005376344086021
0.3313953488372093
0.4965909090909091
0.59
0.5311827956989247
0.5829545454545455
0.5746913580246914
0.5081395348837209
0.625
0.5457446808510639
0.5782608695652174
0.5348739495798319
0.6012658227848101
0.6959302325581396
0.581875
0.49216867469879516
0.5523255813953488
0.6076576576576577
0.5308823529411765
0.57
0.6446428571428572
0.6060344827586207
0.5792682926829268
0.5123595505617977
0.49065934065934064
0.5244791666666667
0.5525510204081633
0.5230337078651686
0.6415584415584416
0.5741758241758241
0.5123595505617977
0.5846153846153846
0.5772151898734177
0.301056338028169
0.529113924050633
0.6207920792079208
0.5896551724137931
0.6909090909090909
0.5922077922077922
0.5338095238095238
0.6639784946236559
0.59375
0.38
0.589240506329114
0.5676829268292682
0.562962962962963
0.7083333333333334
0.5541666666666667
0.5568965517241379
0.6418918918918919
0.5356382978723404
0.560843373493976
0.58
0.5413978494623656
0.589240506329114
0.608
0.5792682926829268
0.6570093457943925
0.6734177215189874
0.3855072463768116
0.6477272727272727
0.6909090909090909
0.4925925925925926
0.5764044943820225
0.42326732673267325
0.5541666666666667
0.5395061728395062
0.5588235294117647
0.5846153846153846
0.4658653846153846
0.7268072289156626
0.48021978021978023
0.4821969696969697
0.7517391304347826
0.54625
0.6195652173913043
0.5595890410958904
0.498989898989899
0.5896551724137931
0.5115384615384615
0.5568965517241379
0.5445121951219513
0.44504504504504505
0.602112676056338
0.576063829787234
0.5181818181818182
0.608
0.5640625
0.5373737373737374
0.6834532374100719
0.5412790697674419
0.5373737373737374
0.5411392405063291
0.6798165137614679
0.6168831168831169
0.5924731182795699
0.5911111111111111
0.6547297297297298
0.6861111111111111
0.628099173553719
0.36774193548387096
0.5337078651685393
0.5619718309859155
0.7482300884955753
0.5735849056603773
0.48579545454545453
0.5764044943820225
0.534375
0.5512345679012346
0.5411392405063291
0.5922077922077922
0.6394230769230769
0.655952380952381
0.4980582524271845
0.5911111111111111
0.605625
0.6035294117647059
0.6282258064516129
0.6140243902439024
0.5379518072289157
0.6435483870967742
0.595054945054945
0.5550561797752809
0.5255319148936171
0.6473451327433628
0.538659793814433
0.5588235294117647
0.6587591240875912
0.538659793814433
0.5846153846153846
0.4947916666666667
0.6554263565891473
0.5654761904761905
0.5442708333333334
0.578735632183908
0.665
0.6164893617021276
0.5040816326530613
0.5266304347826087
0.595054945054945
0.5724358974358974
0.57
0.6268041237113402
0.6923728813559322
0.44608695652173913
0.6175
0.5059782608695652
0.4965909090909091
0.581875
0.5744186046511628
0.5582474226804124
0.7468965517241379
0.5782608695652174
0.4593406593406593
0.4851063829787234
0.4538888888888889
0.5531645569620253
0.49
0.5493975903614458
0.456
0.5679347826086957
0.6870535714285714
0.6333333333333333
0.629375
0.46060606060606063
0.7286407766990292
0.5132183908045977
0.5252941176470588
0.5181818181818182
0.6288732394366198
0.5122549019607843
0.6122222222222222
0.5896551724137931
0.5337078651685393
0.5054487179487179
0.534375
0.5922077922077922
0.4669491525423729
0.665
0.5829545454545455
0.6292993630573248
0.6772277227722773
0.560843373493976
0.5594444444444444
0.5774509803921568
0.6369318181818182
0.3379194630872483
0.452734375
0.6961832061068702
0.6033783783783784
0.5861702127659575
0.3958333333333333
0.5861702127659575
0.5263513513513514
0.5854651162790697
0.629375
0.41767241379310344
0.5798701298701299
0.6168831168831169
0.5531645569620253
0.5324175824175824
0.59375
0.5358974358974359
0.3720833333333333
0.5593457943925234
0.45740740740740743
0.5415
0.5480769230769231
0.7551282051282051
0.6183962264150943
0.36795774647887325
0.6455128205128206
0.5754807692307692
0.5079207920792079
0.49948453608247423
0.5896551724137931
0.665
0.6125
0.6113861386138614
0.5583333333333333
0.5476470588235294
0.5266304347826087
0.6122222222222222
0.5324175824175824
0.6373417721518987
0.5947826086956521
0.5826666666666667
0.5924731182795699
0.5541666666666667
0.5663461538461538
0.5445121951219513
0.5053191489361702
0.510752688172043
0.4481132075471698
0.48807339449541287
0.6012658227848101
0.5908536585365853
0.5981481481481481
0.48579545454545453
0.6258823529411764
0.5412790697674419
0.7051546391752578
0.4790598290598291
0.5951807228915663
0.6901709401709402
0.3971311475409836
0.5488888888888889
0.560843373493976
0.538659793814433
0.46282051282051284
0.5805555555555556
0.6170103092783505
0.5637362637362637
0.6033783783783784
0.6026881720430107
0.5678160919540229
0.6378571428571429
0.415625
0.5163043478260869
0.5523255813953488
0.6098765432098765
0.5856164383561644
0.63828125
0.6004716981132076
0.6089743589743589
0.605625
0.65
0.5792682926829268
0.48532608695652174
0.6511235955056179
0.5731404958677686
0.6221238938053097
0.6631188118811882
0.6129032258064516
0.5752293577981651
0.6446428571428572
0.46238938053097345
0.48489583333333336
0.6486206896551724
0.57
0.5464601769911505
0.6384
0.6162162162162163
0.5838541666666667
0.5872727272727273
0.5724358974358974
0.6375
0.6603658536585366
0.5036144578313253
0.5029411764705882
0.48198529411764707
0.5115384615384615
0.5908536585365853
0.5798701298701299
0.4952127659574468
0.44955357142857144
0.6164893617021276
0.5994047619047619
0.5356382978723404
0.5846153846153846
0.5252941176470588
0.5089285714285714
0.5369565217391304
0.576063829787234
0.5412790697674419
0.6261363636363636
0.6538961038961039
0.48532608695652174
0.5683760683760684
0.5324175824175824
0.5948598130841122
0.6370588235294118
0.46467391304347827
0.5651898734177215
0.5241379310344828
0.6301980198019802
0.608
0.44333333333333336
0.47010309278350515
0.5089285714285714
0.5244791666666667
0.501685393258427
0.6396039603960396
0.6016666666666667
0.5377358490566038
0.6865546218487395
0.534375
0.45803571428571427
0.531547619047619
0.59375
0.6815217391304348
0.475
0.6855670103092784
0.5782608695652174
0.48348214285714286
0.5744186046511628
0.5558510638297872
0.4309278350515464
0.5582474226804124
0.40826446280991735
0.6367021276595745
0.5633720930232559
0.5097560975609756
0.5995145631067961
0.6164893617021276
0.5981481481481481
0.6125
0.5739583333333333
0.475
0.5277777777777778
0.5792682926829268
0.6253164556962025
0.56
0.5395061728395062
0.423109243697479
0.595054945054945
0.6409638554216868
0.5657303370786517
0.6472527472527473
0.5412790697674419
0.5132183908045977
0.7292929292929293
0.5746913580246914
0.387037037037037
0.6584158415841584
0.4222222222222222
0.5379518072289157
0.5739583333333333
0.5324175824175824
0.589240506329114
0.5568965517241379
0.5298076923076923
0.5967948717948718
0.3732142857142857
0.6069444444444444
0.629375
0.46530612244897956
0.5541666666666667
0.5837349397590361
0.6175
0.5369565217391304
0.42932692307692305
0.6253164556962025
0.5121739130434783
0.6465277777777778
0.475
0.5683760683760684
0.6089743589743589
0.4318181818181818
0.5252941176470588
0.37720588235294117
0.5163043478260869
0.5633720930232559
0.5792682926829268
0.5676829268292682
0.5092783505154639
0.5170886075949367
0.4505154639175258
0.5989130434782609
0.6012658227848101
0.581875
0.5110344827586207
0.560843373493976
0.5455445544554456
0.5810679611650486
0.4058252427184466
0.5908536585365853
0.6494897959183673
0.54921875
0.6240196078431373
0.7395569620253165
0.5495098039215687
0.4593406593406593
0.5073863636363637
0.5073863636363637
0.5383333333333333
0.55
0.5364705882352941
0.5675324675324676
0.5846153846153846
0.5331632653061225
0.6408730158730159
0.5209677419354839
0.7569105691056911
0.8015625
0.684
0.5241379310344828
0.4309278350515464
0.5588235294117647
0.5675324675324676
0.6129032258064516
0.5880952380952381
0.520673076923077
0.5568965517241379
0.38904761904761903
0.6900943396226416
0.7412878787878788
0.5640625
0.5364705882352941
0.5073863636363637
0.5772151898734177
0.5594444444444444
0.5865217391304348
0.61
0.5550561797752809
0.5864197530864198
0.5241379310344828
0.6386554621848739
0.5632743362831858
0.5267326732673268
0.5154255319148936
0.49137931034482757
0.5986301369863014
0.5657303370786517
0.4896907216494845
0.6132911392405064
0.6446428571428572
0.5875
0.7661290322580645
0.5077586206896552
0.629375
0.4586206896551724
0.5989130434782609
0.5746913580246914
0.528695652173913
0.5772151898734177
0.5911111111111111
0.5653374233128834
0.5744186046511628
0.578735632183908
0.6586666666666666
0.5719387755102041
0.6333333333333333
0.6663194444444445
0.6162162162162163
0.475
0.418
0.581875
0.5717592592592593
0.5572115384615385
0.6688
0.5337078651685393
0.5746913580246914
0.6092391304347826
0.28993506493506493
0.6175
0.4961111111111111
0.5073863636363637
0.498989898989899
0.57
0.5480769230769231
0.5880952380952381
0.5767857142857142
0.4961111111111111
0.560843373493976
0.5209677419354839
0.5350574712643679
0.5846153846153846
0.5905405405405405
0.6627906976744186
0.5633720930232559
0.4453125
0.5965116279069768
0.655952380952381
0.4523809523809524
0.45478723404255317
0.5846153846153846
0.5230337078651686
0.6227777777777778
0.6045454545454545
0.6206666666666667
0.6024390243902439
0.5853535353535354
0.4696629213483146
0.48532608695652174
0.5163043478260869
0.6125
0.475
0.6005747126436781
0.5663461538461538
0.57
0.6253164556962025
0.6898809523809524
0.5288659793814433
0.57
0.5962765957446808
0.56
0.5459770114942529
0.67015503875969
0.5132183908045977
0.46620370370370373
0.5985
0.5811764705882353
0.5792682926829268
0.6333333333333333
0.6084269662921349
0.5805555555555556
0.5115384615384615
0.5476470588235294
0.3964028776978417
0.5455445544554456
0.5265060240963856
0.6098765432098765
0.6166666666666667
0.59375
0.6211538461538462
0.6162162162162163
0.589240506329114
0.5560975609756098
0.4794392523364486
0.6188073394495412
0.6045454545454545
0.5568965517241379
0.7175531914893617
0.57
0.475
0.5512345679012346
0.5476470588235294
0.554950495049505
0.54625
0.7043103448275863
0.5588235294117647
0.6409638554216868
0.558125
0.7315
0.5428571428571428
0.36774193548387096
0.5512345679012346
0.6067226890756302
0.5633720930232559
0.67015503875969
0.6024390243902439
0.4925925925925926
0.5379518072289157
0.6734177215189874
0.5277777777777778
0.6844086021505377
0.6253164556962025
0.49065934065934064
0.5885869565217391
0.48579545454545453
0.3468253968253968
0.5459770114942529
0.5428571428571428
0.4863095238095238
0.5792682926829268
0.6333333333333333
0.5861702127659575
0.6282258064516129
0.6016666666666667
0.5568965517241379
0.5541666666666667
0.62
0.6069444444444444
0.525
0.57
0.5588235294117647
0.4658653846153846
0.684322033898305
0.5247619047619048
0.5443820224719101
0.5428571428571428
0.5277777777777778
0.589240506329114
0.47094017094017093
0.43034188034188037
0.6191011235955056
0.5523255813953488
0.5289772727272727
0.5953333333333334
0.7057142857142857
0.653125
0.5741758241758241
0.475
0.5550561797752809
0.5678160919540229
0.7641304347826087
0.7090579710144927
0.5864197530864198
0.7226993865030675
0.46238938053097345
0.5443820224719101
0.5876288659793815
0.4261682242990654
0.6224137931034482
0.5724358974358974
0.5428571428571428
0.5220720720720721
0.6195652173913043
0.59375
0.6868243243243243
0.6586666666666666
0.6535031847133758
0.5896551724137931
0.5560975609756098
0.5230337078651686
0.6548543689320389
0.5413978494623656
0.5795
0.40826446280991735
0.5953333333333334
0.475
0.5476470588235294
0.5746913580246914
0.5230337078651686
0.38306451612903225
0.6472527472527473
0.4801075268817204
0.560843373493976
0.572289156626506
0.4342857142857143
0.4489010989010989
0.534375
0.5191860465116279
0.6191011235955056
0.53
0.6491666666666667
0.4845
0.5602564102564103
0.4275
0.6147058823529412
0.5010989010989011
0.5896551724137931
0.48
0.4616822429906542
0.562962962962963
0.6132911392405064
0.6363207547169811
0.6387931034482759
0.6098765432098765
0.6180722891566265
0.5337078651685393
0.4963963963963964
0.4519417475728155
0.6030434782608696
0.4505154639175258
0.6373417721518987
0.6016666666666667
0.6211538461538462
0.589240506329114
0.64
0.6016666666666667
0.4539823008849557
0.562962962962963
0.6627906976744186
0.529113924050633
0.5472826086956522
0.6333333333333333
0.5401960784313725
0.5154255319148936
0.49032258064516127
0.5428571428571428
0.6283464566929133
0.39390243902439026
0.5948598130841122
0.6333333333333333
0.5209677419354839
0.6757042253521127
0.5963503649635037
0.6371951219512195
0.5681372549019608
0.6595041322314049
0.5648648648648649
0.6292207792207792
0.5428571428571428
0.7326271186440678
0.6333333333333333
0.5356382978723404
0.5484536082474227
0.6662337662337663
0.6211538461538462
0.6077205882352941
0.6757731958762887
0.6368131868131868
0.5880952380952381
0.6186046511627907
0.59
0.5141176470588236
0.5757575757575758
0.5840163934426229
0.6584158415841584
0.5459770114942529
0.5066666666666667
0.5237179487179487
0.5443820224719101
0.5870786516853933
0.46620370370370373
0.44946236559139785
0.6162162162162163
0.5633720930232559
0.475
0.701453488372093
0.5257281553398059
0.5141176470588236
0.5443820224719101
0.510752688172043
0.500381679389313
0.5277777777777778
0.6191011235955056
0.5829545454545455
0.48579545454545453
0.560843373493976
0.7376893939393939
0.6024390243902439
0.5277777777777778
0.7526923076923077
0.5805555555555556
0.6776666666666666
0.5716101694915254
0.6057971014492753
0.5170886075949367
0.7223958333333333
0.534375
0.510752688172043
0.49176470588235294
0.5466981132075471
0.6586666666666666
0.5369565217391304
0.5772151898734177
0.4552083333333333
0.5541666666666667
0.6037383177570094
0.7
0.4116666666666667
0.45
0.5533980582524272
0.4702020202020202
0.6107142857142858
0.6164893617021276
0.5358974358974359
0.5213414634146342
0.6028846153846154
0.5908536585365853
0.5716101694915254
0.6333333333333333
0.5512345679012346
0.5361386138613862
0.589240506329114
0.475
0.5277777777777778
0.5949494949494949
0.654245283018868
0.43846153846153846
0.5428571428571428
0.5029411764705882
0.6563636363636364
0.6872340425531915
0.475
0.5829545454545455
0.5767857142857142
0.4556122448979592
0.4589887640449438
0.4965909090909091
0.5833333333333334
0.5101851851851852
0.5550561797752809
0.5241379310344828
0.6333333333333333
0.6036458333333333
0.5838541666666667
0.5565656565656566
0.6371951219512195
0.5550561797752809
0.4804597701149425
0.6045454545454545
0.5415
0.5512345679012346
0.4953571428571429
0.4893939393939394
0.6617241379310345
0.5493975903614458
0.6069444444444444
0.5640625
0.5265060240963856
0.7354838709677419
0.558125
0.5455445544554456
0.6724719101123595
0.5189814814814815
0.5551948051948052
0.6153409090909091
0.5673611111111111
0.5383333333333333
0.5181818181818182
0.5772151898734177
0.5395061728395062
0.6066265060240964
0.5675324675324676
0.629375
0.4925925925925926
0.5657303370786517
0.5560975609756098
0.532
0.5657303370786517
0.5163043478260869
0.5289772727272727
0.6660326086956522
0.5324175824175824
0.4261682242990654
0.5925742574257425
0.6153409090909091
0.629054054054054
0.7438679245283019
0.5412790697674419
0.558125
0.45
0.654245283018868
0.4703883495145631
0.5576086956521739
0.5350574712643679
0.5255319148936171
0.55
0.43907563025210083
0.456
0.5909448818897638
0.57
0.5846153846153846
0.5331632653061225
0.5257281553398059
0.6365979381443299
0.5757575757575758
0.6585227272727273
0.5953333333333334
0.6069444444444444
0.649009900990099
0.6107142857142858
0.6107142857142858
0.6570093457943925
0.54625
0.41504854368932037
0.46530612244897956
0.475
0.6045454545454545
0.45
0.5721590909090909
0.5445121951219513
0.6362385321100917
0.6035294117647059
0.5887323943661972
0.46116504854368934
0.6170103092783505
0.48857142857142855
0.6114942528735632
0.6224137931034482
0.5383333333333333
0.6
0.5412790697674419
0.5209677419354839
0.5541666666666667
0.5389423076923077
0.6175
0.5277777777777778
0.6617977528089888
0.4543478260869565
0.498989898989899
0.5721590909090909
0.578735632183908
0.5829545454545455
0.4309278350515464
0.6566176470588235
0.5181818181818182
0.3986607142857143
0.6625
0.33106060606060606
0.49032258064516127
0.5853535353535354
0.568041237113402
0.5265060240963856
0.5397727272727273
0.59375
0.5445121951219513
0.40714285714285714
0.5595890410958904
0.5189814814814815
0.5551948051948052
0.36592592592592593
0.6227777777777778
0.6409638554216868
0.4448412698412698
0.48
0.6153409090909091
0.6367021276595745
0.5896551724137931
0.6333333333333333
0.5905405405405405
0.5676829268292682
0.5439516129032258
0.6153409090909091
0.5640625
0.6005747126436781
0.6045454545454545
0.4961111111111111
0.49709302325581395
0.5150602409638554
0.5252941176470588
0.6367021276595745
0.6045454545454545
0.5837349397590361
0.5190721649484537
0.6734177215189874
0.5724358974358974
0.3958333333333333
0.5332258064516129
0.6131818181818182
0.5595890410958904
0.5035
0.6759615384615385
0.5678160919540229
0.6147058823529412
0.709493670886076
0.4841346153846154
0.48857142857142855
0.5811764705882353
0.5588235294117647
0.5369565217391304
0.5746913580246914
0.6211538461538462
0.519811320754717
0.57
0.5455445544554456
0.4863095238095238
0.589240506329114
0.5560975609756098
0.4937007874015748
0.6297752808988764
0.6587591240875912
0.57
0.6850961538461539
0.40714285714285714
0.5066666666666667
0.5816326530612245
0.48807339449541287
0.5220720720720721
0.6333333333333333
0.59375
0.6253164556962025
0.5022988505747127
0.6191011235955056
0.5428571428571428
0.5594444444444444
0.5678160919540229
0.4567307692307692
0.6570093457943925
0.5594444444444444
0.5459770114942529
0.6378571428571429
0.4514851485148515
0.4377450980392157
0.45803571428571427
0.6771276595744681
0.5172222222222222
0.568041237113402
0.5721590909090909
0.4889705882352941
0.5523255813953488
0.46060606060606063
0.5493975903614458
0.5560975609756098
0.46510416666666665
0.5870786516853933
0.5922077922077922
0.43577981651376146
0.5875
0.4910112359550562
0.40714285714285714
0.4490909090909091
0.6426470588235295
0.5908536585365853
0.5840163934426229
0.5967948717948718
0.5443820224719101
0.5145833333333333
0.643801652892562
0.531547619047619
0.581875
0.6616071428571428
0.5805555555555556
0.5097560975609756
0.4841346153846154
0.5123595505617977
0.5457446808510639
0.5861702127659575
0.6024390243902439
0.722
0.5209677419354839
0.5741758241758241
0.560843373493976
0.5395061728395062
0.4459183673469388
0.5472826086956522
0.5089285714285714
0.4391509433962264
0.6670212765957447
0.49032258064516127
0.6576923076923077
0.6633620689655172
0.32994011976047904
0.5531645569620253
0.5472826086956522
0.4151260504201681
0.40091743119266054
0.6893805309734513
0.5230337078651686
0.4391509433962264
0.3301418439716312
0.5951807228915663
0.5778350515463917
0.6387931034482759
0.6544444444444445
0.5445121951219513
0.4514851485148515
0.5397727272727273
0.6369318181818182
0.4804597701149425
0.2983974358974359
0.603875968992248
0.5746913580246914
0.5951807228915663
0.6818548387096774
0.48348214285714286
0.5258928571428572
0.57
0.501685393258427
0.6045454545454545
0.4350467289719626
0.5805555555555556
0.69765625
0.5618279569892473
0.5724358974358974
0.5853535353535354
0.5428571428571428
0.648235294117647
0.6392523364485981
0.4318181818181818
0.4696629213483146
0.6033783783783784
0.51
0.5383333333333333
0.6369318181818182
0.4910112359550562
0.53
0.5505681818181818
0.6711009174311927
0.5764044943820225
0.5861702127659575
0.5457446808510639
0.5926605504587156
0.560843373493976
0.5010989010989011
0.6361607142857143
0.558125
0.5512345679012346
0.57
0.5505681818181818
0.5764044943820225
0.5811764705882353
0.558125
0.5170886075949367
0.5213414634146342
0.38513513513513514
0.5741758241758241
0.5289772727272727
0.6517441860465116
0.49032258064516127
0.6132911392405064
0.4484
0.5237179487179487
0.4702020202020202
0.6685185185185185
0.4608910891089109
0.5864197530864198
0.4608910891089109
0.6333333333333333
0.47100840336134453
0.6367021276595745
0.6035294117647059
0.5657303370786517
0.5533980582524272
0.6075581395348837
0.6268041237113402
0.5035
0.6140243902439024
0.5476470588235294
0.46510416666666665
0.5741758241758241
0.49032258064516127
0.59375
0.6466386554621849
0.5651898734177215
0.5837349397590361
0.731294964028777
0.5676829268292682
0.45740740740740743
0.5651898734177215
0.4910112359550562
0.5675324675324676
0.5896551724137931
0.5778350515463917
0.6012658227848101
0.498989898989899
0.6472527472527473
0.38491379310344825
0.6555
0.5532967032967033
0.6540983606557377
0.576063829787234
0.5495098039215687
0.5633720930232559
0.4947916666666667
0.5550561797752809
0.5582474226804124
0.6371951219512195
0.5488888888888889
0.4519417475728155
0.5289772727272727
0.5169117647058824
0.578735632183908
0.5676829268292682
0.575
0.4841346153846154
0.5395061728395062
0.6825925925925926
0.5953333333333334
0.6551724137931034
0.5650862068965518
0.5896551724137931
0.6909090909090909
0.6659793814432989
0.7278606965174129
0.5317164179104478
0.6037383177570094
0.5951807228915663
0.5792682926829268
0.5493975903614458
0.57
0.6265957446808511
0.6026881720430107
0.5675324675324676
0.5089285714285714
0.5311827956989247
0.6802469135802469
0.6739864864864865
0.5786363636363636
0.5949494949494949
0.5613636363636364
0.5412790697674419
0.5657303370786517
0.53
0.578735632183908
0.5663461538461538
0.57
0.5531645569620253
0.5018867924528302
0.5651898734177215
0.57
0.6060344827586207
0.6333333333333333
0.5383333333333333
0.418
0.6258823529411764
0.605625
0.5163043478260869
0.582258064516129
0.6828125
0.6129032258064516
0.6207920792079208
0.5459770114942529
0.5637362637362637
0.5163043478260869
0.5493975903614458
0.531547619047619
0.4888349514563107
0.5633720930232559
0.5947826086956521
0.6301020408163265
0.3876
0.6089743589743589
0.4586206896551724
0.6216911764705882
0.5541666666666667
0.43648648648648647
0.5984251968503937
0.5369565217391304
0.560843373493976
0.589240506329114
0.608
0.5798701298701299
0.6089743589743589
0.5202380952380953
0.5965116279069768
0.64
0.437
0.551
0.5172222222222222
0.6170940170940171
0.6715517241379311
0.5651898734177215
0.629375
0.649740932642487
0.5516129032258065
0.5059782608695652
0.6373417721518987
0.6415584415584416
0.7476851851851852
0.625
0.54625
0.5412790697674419
0.6333333333333333
0.6357692307692308
0.5181818181818182
0.6918478260869565
0.665
0.666887417218543
0.6033783783783784
0.5505681818181818
0.7204166666666667
0.5965116279069768
0.456
0.48604651162790696
0.5816326530612245
0.61
0.5829545454545455
0.5915094339622642
0.6333333333333333
0.5798701298701299
0.6122222222222222
0.5798701298701299
0.7107407407407408
0.5846153846153846
0.46510416666666665
0.5792682926829268
0.4238461538461539
0.64
0.4046296296296296
0.49
0.5811764705882353
0.571484375
0.5428571428571428
0.5369565217391304
0.6045454545454545
0.54625
0.7009708737864078
0.5724358974358974
0.59375
0.578735632183908
0.6547297297297298
0.5327102803738317
0.534375
0.6168831168831169
0.5331632653061225
0.5556603773584906
0.5213414634146342
0.5202380952380953
0.6232
0.582258064516129
0.578735632183908
0.697787610619469
0.6909090909090909
0.534375
0.4956521739130435
0.6036458333333333
0.49292452830188677
0.5880952380952381
0.764453125
0.4867283950617284
0.7481865284974093
0.5244791666666667
0.5953333333333334
0.6084269662921349
0.4570754716981132
0.655952380952381
0.6627906976744186
0.5480769230769231
0.52
0.6828125
0.6567901234567901
0.5541666666666667
0.6125
0.5724358974358974
0.6662337662337663
0.5476470588235294
0.38306451612903225
0.6785714285714286
0.5605
0.5493975903614458
0.6570833333333334
0.5443820224719101
0.5726027397260274
0.5103305785123967
0.5719387755102041
0.48489583333333336
0.6333333333333333
0.4846938775510204
0.6036458333333333
0.5633720930232559
0.6183962264150943
0.5311827956989247
0.523469387755102
0.5810679611650486
0.4556122448979592
0.5719387755102041
0.5141176470588236
0.6292207792207792
0.6253164556962025
0.3882608695652174
0.5896551724137931
0.6333333333333333
0.5397727272727273
0.5752293577981651
0.7027397260273973
0.4589887640449438
0.5720430107526882
0.59375
0.6961206896551724
0.5081395348837209
0.5441747572815534
0.6633620689655172
0.5724358974358974
0.5225
0.45125
0.5487068965517241
0.5665137614678899
0.5880952380952381
0.6363207547169811
0.59375
0.6045454545454545
0.5440909090909091
0.6
0.296875
0.5800884955752212
0.558125
0.665
0.5721590909090909
0.57
0.572289156626506
0.6867469879518072
0.5480769230769231
0.6273584905660378
0.581875
0.5905405405405405
0.5412790697674419
0.627
0.5397727272727273
0.55
0.5411392405063291
0.5302325581395348
0.5981481481481481
0.6972477064220184
0.6367021276595745
0.57
0.5476470588235294
0.62
0.6835365853658537
0.5428571428571428
0.531547619047619
0.5676829268292682
0.5205479452054794
0.5329268292682927
0.5324175824175824
0.6333333333333333
0.475
0.6378571428571429
0.6033783783783784
0.5924731182795699
0.497196261682243
0.5651898734177215
0.4952127659574468
0.6141414141414141
0.5648648648648649
0.5513392857142857
0.498989898989899
0.5826666666666667
0.6527210884353741
0.5654761904761905
0.3958333333333333
0.6051851851851852
0.5523255813953488
0.5265060240963856
0.5379518072289157
0.57
0.5594444444444444
0.6688
0.608
0.47010309278350515
0.5651898734177215
0.6961206896551724
0.4841346153846154
0.6402173913043478
0.568041237113402
0.6036458333333333
0.6608695652173913
0.43018867924528303
0.5101851851851852
0.3301829268292683
0.5266304347826087
0.6152380952380953
0.6540983606557377
0.4845
0.578735632183908
0.6206666666666667
0.5923529411764706
0.46568627450980393
0.5141176470588236
0.5505681818181818
0.7272413793103448
0.49032258064516127
0.5428571428571428
0.6711009174311927
0.7388888888888889
0.6723076923076923
0.5108490566037736
0.6084269662921349
0.49137931034482757
0.6234375
0.562962962962963
0.5720430107526882
0.5568965517241379
0.5764044943820225
0.5912587412587412
0.5534782608695652
0.43018867924528303
0.44752066115702477
0.5792682926829268
0.44759615384615387
0.6191964285714285
0.596078431372549
0.6333333333333333
0.5472826086956522
0.5397727272727273
0.5457446808510639
0.6
0.5257281553398059
0.605625
0.5922077922077922
0.5951807228915663
0.5523255813953488
0.6546218487394958
0.5951807228915663
0.5181818181818182
0.51
0.7125
0.4841346153846154
0.5531645569620253
0.6922480620155039
0.5337078651685393
0.5213414634146342
0.6333333333333333
0.5308823529411765
0.597752808988764
0.7223958333333333
0.6016666666666667
0.4642045454545455
0.5459770114942529
0.4961111111111111
0.6952898550724638
0.5665137614678899
0.53
0.578735632183908
0.5588235294117647
0.6618852459016393
0.48857142857142855
0.5846153846153846
0.6026881720430107
0.5744186046511628
0.5776
0.5854651162790697
0.4702020202020202
0.6685185185185185
0.5741758241758241
0.5137755102040816
0.5864197530864198
0.5172222222222222
0.6186046511627907
0.5377358490566038
0.5457446808510639
0.5364705882352941
0.4797979797979798
0.5594444444444444
0.5255319148936171
0.498989898989899
0.6566176470588235
0.5181818181818182
0.649367088607595
0.6206666666666667
0.5202380952380953
0.6853571428571429
0.5792682926829268
0.5640625
0.5329268292682927
0.5445121951219513
0.6258823529411764
0.45
0.5981481481481481
0.6057971014492753
0.5493975903614458
0.5163043478260869
0.5533980582524272
0.558125
0.6116438356164383
0.6333333333333333
0.5115384615384615
0.51
0.5089285714285714
0.534375
0.4956521739130435
0.6446428571428572
0.65
0.5752293577981651
0.47920353982300884
0.36704545454545456
0.33825757575757576
0.5582474226804124
0.41767241379310344
0.4891089108910891
0.59375
0.7283333333333334
0.6919753086419753
0.5073863636363637
0.6909090909090909
0.5576086956521739
0.6682203389830509
0.44333333333333336
0.581875
0.5922077922077922
0.4697802197802198
0.6147058823529412
0.5409722222222222
0.5678160919540229
0.5541666666666667
0.5379518072289157
0.6903333333333334
0.5480769230769231
0.5266304347826087
0.4593406593406593
0.5864197530864198
0.6162162162162163
0.666826923076923
0.6150641025641026
0.5654761904761905
0.5724358974358974
0.5864197530864198
0.6604761904761904
0.6214285714285714
0.54921875
0.57
0.6012658227848101
0.6547297297297298
0.5337078651685393
0.5678160919540229
0.5191860465116279
0.49491017964071854
0.5924731182795699
0.5160493827160494
0.4453125
0.6446428571428572
0.534375
0.6133858267716535
0.5924731182795699
0.5035
0.5523255813953488
0.6463917525773196
0.5252941176470588
0.5302325581395348
0.48532608695652174
0.4952127659574468
0.5010989010989011
0.6084269662921349
0.5358974358974359
0.6125
0.5428571428571428
0.5172222222222222
0.6576923076923077
0.5864197530864198
0.5678160919540229
0.6966666666666667
0.5493975903614458
0.5880952380952381
0.6132911392405064
0.605625
0.6617977528089888
0.5233050847457628
0.59375
0.5675324675324676
0.6157407407407407
0.5924731182795699
0.5659574468085107
0.6333333333333333
0.6866336633663367
0.5379518072289157
0.5928
0.5066666666666667
0.6186046511627907
0.5741758241758241
0.4706422018348624
0.5123595505617977
0.6456310679611651
0.49948453608247423
0.6026881720430107
0.605625
0.5213414634146342
0.648235294117647
0.5965116279069768
0.5622448979591836
0.5764044943820225
0.5911111111111111
0.63
0.6164893617021276
0.5191860465116279
0.5493975903614458
0.531547619047619
0.5905405405405405
0.5777027027027027
0.4596774193548387
0.6191011235955056
0.5191860465116279
0.665
0.5213414634146342
0.475
0.4845959595959596
0.6613924050632911
0.5908536585365853
0.5678160919540229
0.6435483870967742
0.45637254901960783
0.605625
0.3958333333333333
0.5719387755102041
0.521978021978022
0.4961111111111111
0.57
0.5854651162790697
0.5989130434782609
0.5472826086956522
0.5411392405063291
0.5876288659793815
0.5588235294117647
0.35714285714285715
0.6224137931034482
0.5772151898734177
0.7452586206896552
0.5252941176470588
0.5875
0.475
0.4614285714285714
0.7694214876033058
0.5965116279069768
0.4685810810810811
0.4459183673469388
0.6
0.4976190476190476
0.5295081967213114
0.608
0.6625
0.5005376344086021
0.6107142857142858
0.6132911392405064
0.5277777777777778
0.5829545454545455
0.5681372549019608
0.5220720720720721
0.6234375
0.5949494949494949
0.47892561983471077
0.5593457943925234
0.5885869565217391
0.5356382978723404
0.5800884955752212
0.5252941176470588
0.5244791666666667
0.26448863636363634
0.49137931034482757
0.6935
0.6302884615384615
0.646311475409836
0.534375
0.49948453608247423
0.4318181818181818
0.5994047619047619
0.558125
0.562962962962963
0.5637362637362637
0.5837349397590361
0.5981481481481481
0.534375
0.4952127659574468
0.6033783783783784
0.5679347826086957
0.6117424242424242
0.6435483870967742
0.57
0.5588235294117647
0.602112676056338
0.5443820224719101
0.5505681818181818
0.5724358974358974
0.6010204081632653
0.44271844660194176
0.5081395348837209
0.46651785714285715
0.5202380952380953
0.4666666666666667
0.6664179104477612
0.5724358974358974
0.5588235294117647
0.5415
0.5170886075949367
0.5721590909090909
0.6191011235955056
0.5648648648648649
0.6037383177570094
0.59375
0.38149606299212596
0.5724358974358974
0.5504672897196262
0.5060747663551401
0.6688
0.581875
0.4863095238095238
0.5565656565656566
0.6045454545454545
0.61
0.6234375
0.38333333333333336
0.48532608695652174
0.5329268292682927
0.5594444444444444
0.673931623931624
0.5872727272727273
0.5994047619047619
0.5428571428571428
0.49948453608247423
0.6666666666666666
0.3966019417475728
0.6547297297297298
0.510752688172043
0.5010989010989011
0.59375
0.5951807228915663
0.5981481481481481
0.5654761904761905
0.408203125
0.5805555555555556
0.5523255813953488
0.695859872611465
0.6273584905660378
0.5477477477477477
0.5613636363636364
0.5572115384615385
0.5829545454545455
0.6981927710843373
0.5577981651376147
0.5971428571428572
0.5724358974358974
0.39504950495049507
0.5428571428571428
0.6408730158730159
0.4697802197802198
0.52
0.6378571428571429
0.5864197530864198
0.49216867469879516
0.44224137931034485
0.5911111111111111
0.5472826086956522
0.59375
0.4552083333333333
0.5324175824175824
0.5459770114942529
0.6095833333333334
0.6477272727272727
0.6922480620155039
0.5089285714285714
0.4119469026548673
0.6220238095238095
0.5379518072289157
0.5395061728395062
0.5389423076923077
0.5588235294117647
0.5632743362831858
0.48496503496503496
0.6
0.6278260869565218
0.6089743589743589
0.5230337078651686
0.33973509933774837
0.5550561797752809
0.5092783505154639
0.5311827956989247
0.5856164383561644
0.5746913580246914
0.6308
0.5172222222222222
0.5289772727272727
0.4696629213483146
0.42410714285714285
0.5746913580246914
0.57
0.5230337078651686
0.6156
0.5277777777777778
0.5951807228915663
0.5659574468085107
0.5613636363636364
0.5237179487179487
0.5885869565217391
0.5010989010989011
0.57
0.4593406593406593
0.4465
0.7438679245283019
0.42130434782608694
0.6231182795698925
0.49032258064516127
0.5073863636363637
0.47
0.5324175824175824
0.4702020202020202
0.5880952380952381
0.558125
0.5365740740740741
0.5981481481481481
0.5838541666666667
0.6211538461538462
0.646
0.5880952380952381
0.6140243902439024
0.6409638554216868
0.5412790697674419
0.6026881720430107
0.6107142857142858
0.595054945054945
0.568041237113402
0.6072164948453608
0.6253164556962025
0.6164893617021276
0.7314159292035398
0.6170103092783505
0.41
0.5643564356435643
0.64125
0.5266304347826087
0.6232
0.5676829268292682
0.6180722891566265
0.520673076923077
0.6013761467889909
0.43846153846153846
0.5495098039215687
0.5654761904761905
0.6569148936170213
0.6567901234567901
0.572289156626506
0.5778350515463917
0.560843373493976
0.6227777777777778
0.6700892857142857
0.5505681818181818
0.6227777777777778
0.4704761904761905
0.5741758241758241
0.578735632183908
0.7156666666666667
0.5637362637362637
0.5967948717948718
0.5908536585365853
0.517479674796748
0.5861702127659575
0.6876190476190476
0.5782608695652174
0.6140243902439024
0.5551948051948052
0.5541666666666667
0.451010101010101
0.41619047619047617
0.6396039603960396
0.4490909090909091
0.62
0.501685393258427
0.6037383177570094
0.5288659793814433
0.4453125
0.5951807228915663
0.4831896551724138
0.5329268292682927
0.5403669724770642
0.5532967032967033
0.5837349397590361
0.4588983050847458
0.5678160919540229
0.5428571428571428
0.5181818181818182
0.4373015873015873
0.6695238095238095
0.5568965517241379
0.605625
0.5531645569620253
0.6045454545454545
0.4801075268817204
0.532
0.5505681818181818
0.5911111111111111
0.4350467289719626
0.5948598130841122
0.6506849315068494
0.5885869565217391
0.5556603773584906
0.5209677419354839
0.6355633802816901
0.5373737373737374
0.588495575221239
0.5811764705882353
0.4883177570093458
0.6036458333333333
0.6982905982905983
0.6005747126436781
0.5418518518518518
0.6612
0.46238938053097345
0.48579545454545453
0.5165898617511521
0.5724358974358974
0.4947916666666667
0.529113924050633
0.5383333333333333
0.6731788079470199
0.5654761904761905
0.57
0.5512345679012346
0.44504504504504505
0.59375
0.411340206185567
0.4398148148148148
0.6805970149253732
0.5994047619047619
0.581875
0.40841121495327104
0.572289156626506
0.575
0.5625
0.57
0.54
0.6089743589743589
0.5239690721649485
0.529113924050633
0.538659793814433
0.5209677419354839
0.5523255813953488
0.59375
0.6438888888888888
0.5902912621359223
0.5772151898734177
0.46
0.5191860465116279
0.5413978494623656
0.6741935483870968
0.6054945054945055
0.6544444444444445
0.5905405405405405
0.6360169491525424
0.6359504132231405
0.5925742574257425
0.643801652892562
0.44557522123893806
0.6012658227848101
0.605625
0.5870786516853933
0.555281690140845
0.5191860465116279
0.6673553719008265
0.5005376344086021
0.47010309278350515
0.5395061728395062
0.5472826086956522
0.42932692307692305
0.4589887640449438
0.6240196078431373
0.5911111111111111
0.513
0.6306034482758621
0.6371951219512195
0.5485915492957747
0.5288659793814433
0.5880952380952381
0.5825471698113207
0.5493975903614458
0.7146788990825688
0.6253164556962025
0.6282258064516129
0.5531645569620253
0.648235294117647
0.5880952380952381
0.52
0.6242857142857143
0.5683035714285715
0.5678160919540229
0.5289772727272727
0.6278260869565218
0.57
0.5493975903614458
0.6022321428571429
0.6736363636363636
0.452803738317757
0.6298913043478261
0.57
0.5984251968503937
0.6561855670103093
0.7232258064516129
0.4803370786516854
0.6519607843137255
0.5450819672131147
0.5512345679012346
0.5846153846153846
0.6234375
0.5864197530864198
0.4396694214876033
0.6147058823529412
0.494
0.5092783505154639
0.6033783783783784
0.4292592592592593
0.5531645569620253
0.5854651162790697
0.3847107438016529
0.6
0.605625
0.475
0.32253086419753085
0.52
0.5981481481481481
0.6463917525773196
0.5493975903614458
0.46060606060606063
0.516504854368932
0.6133858267716535
0.5397727272727273
0.5870786516853933
0.5395061728395062
0.558125
0.5443820224719101
0.5724358974358974
0.4583333333333333
0.540650406504065
0.47
0.5864197530864198
0.49166666666666664
0.7009708737864078
0.5633720930232559
0.4642045454545455
0.5870786516853933
0.562962962962963
0.6035294117647059
0.5005376344086021
0.562962962962963
0.5560975609756098
0.4965909090909091
0.5885869565217391
0.5413978494623656
0.38143939393939397
0.6067226890756302
0.4444954128440367
0.5495098039215687
0.586764705882353
0.5811764705882353
0.6432291666666666
0.5265060240963856
0.44271844660194176
0.6816793893129771
0.5459770114942529
0.6521186440677966
0.46467391304347827
0.5864197530864198
0.6152380952380953
0.5277777777777778
0.62
0.5923529411764706
0.5588235294117647
0.5040816326530613
0.4961111111111111
0.5010989010989011
0.6612
0.5659574468085107
0.5512345679012346
0.4514851485148515
0.49137931034482757
0.6929411764705883
0.646
0.5981481481481481
0.7819230769230769
0.5588235294117647
0.5651898734177215
0.4841346153846154
0.5741758241758241
0.5864197530864198
0.6914965986394558
0.5356382978723404
0.7907821229050279
0.6585227272727273
0.59375
0.39652173913043476
0.5633720930232559
0.4893939393939394
0.576063829787234
0.6333333333333333
0.498989898989899
0.7325301204819277
0.5875
0.646311475409836
0.55
0.46
0.6296511627906977
0.5829545454545455
0.5173267326732673
0.43907563025210083
0.578735632183908
0.5846153846153846
0.6454198473282443
0.5908536585365853
0.54625
0.57
0.5588235294117647
0.5150602409638554
0.7254545454545455
0.4797979797979798
0.5951807228915663
0.6571428571428571
0.6557522123893805
0.5560975609756098
0.4976190476190476
0.513
0.6263736263736264
0.601980198019802
0.5729007633587786
0.5541666666666667
0.581875
0.5953333333333334
0.6175
0.5287735849056604
0.5811764705882353
0.5255319148936171
0.59375
0.7021739130434783
0.5913265306122449
0.6033783783783784
0.57
0.49948453608247423
0.6333333333333333
0.57
0.5839449541284404
0.5871527777777777
0.608
0.6026881720430107
0.7162698412698413
0.608273381294964
0.5145833333333333
0.5568965517241379
0.654245283018868
0.5739583333333333
0.41601307189542486
0.6122222222222222
0.47989690721649486
0.3586092715231788
0.5428571428571428
0.5676829268292682
0.5837349397590361
0.523469387755102
0.5767857142857142
0.5369565217391304
0.6063829787234043
0.5443820224719101
0.6871069182389937
0.5922077922077922
0.5247619047619048
0.6094339622641509
0.4536036036036036
0.5594444444444444
0.5792682926829268
0.41767241379310344
0.575
0.5619718309859155
0.5516129032258065
0.6033783783783784
0.5476470588235294
0.5324175824175824
0.5720430107526882
0.6037383177570094
0.5277777777777778
0.5531645569620253
0.68
0.5190721649484537
0.5443820224719101
0.578735632183908
0.7286407766990292
0.5428571428571428
0.5981481481481481
0.5908536585365853
0.6036458333333333
0.5457446808510639
0.456
0.475
0.5675324675324676
0.6504504504504505
0.5337078651685393
0.4797029702970297
0.5066666666666667
0.5625
0.5488888888888889
0.5831683168316831
0.6191011235955056
0.46030927835051544
0.6157407407407407
0.615934065934066
0.5648648648648649
0.5493975903614458
0.6477272727272727
0.575
0.5665137614678899
0.6546218487394958
0.5792682926829268
0.5829545454545455
0.648235294117647
0.5805555555555556
0.6465277777777778
0.5364705882352941
0.3698473282442748
0.5166666666666667
0.6591836734693878
0.47029702970297027
0.4943089430894309
0.49166666666666664
0.48489583333333336
0.5721590909090909
0.6253164556962025
0.46636363636363637
0.5443820224719101
0.5288659793814433
0.46568627450980393
0.6045454545454545
0.5654761904761905
0.6125
0.5805555555555556
0.5657303370786517
0.5962765957446808
0.5331632653061225
0.5379518072289157
0.6261363636363636
0.6072164948453608
0.6426470588235295
0.4947916666666667
0.6024390243902439
0.6045454545454545
0.59375
0.6036458333333333
0.516504854368932
0.6140243902439024
0.5880952380952381
0.562962962962963
0.6135416666666667
0.6785714285714286
0.6131818181818182
0.54625
0.557936507936508
0.39166666666666666
0.6785714285714286
0.5657303370786517
0.6365
0.597752808988764
0.4793577981651376
0.5908536585365853
0.5637362637362637
0.4577272727272727
0.540650406504065
0.4596774193548387
0.6470270270270271
0.46060606060606063
0.562962962962963
0.628099173553719
0.6004716981132076
0.4016260162601626
0.4698924731182796
0.534375
0.5637362637362637
0.49915254237288137
0.5854651162790697
0.5854651162790697
0.5189814814814815
0.7349056603773585
0.5191860465116279
0.4947916666666667
0.6138461538461538
0.613716814159292
0.572289156626506
0.6438888888888888
0.6114942528735632
0.6140243902439024
0.6125
0.5778350515463917
0.5079207920792079
0.6045454545454545
0.7427272727272727
0.6378571428571429
0.5558510638297872
0.5252941176470588
0.5010989010989011
0.52
0.5985
0.5412790697674419
0.572289156626506
0.4801075268817204
0.576063829787234
0.5266304347826087
0.6422535211267606
0.5252941176470588
0.594516129032258
0.323
0.57
0.5837349397590361
0.5744186046511628
0.6361607142857143
0.5141176470588236
0.5225
0.5505681818181818
0.5523255813953488
0.6296511627906977
0.5657303370786517
0.57
0.5568965517241379
0.6186046511627907
0.5311827956989247
0.6612745098039216
0.5265060240963856
0.5811764705882353
0.5767857142857142
0.5741758241758241
0.6430769230769231
0.582258064516129
0.5289772727272727
0.6214285714285714
0.6114942528735632
0.6626050420168067
0.7161538461538461
0.5288659793814433
0.5654761904761905
0.4851063829787234
0.5551948051948052
0.4505154639175258
0.5443820224719101
0.7301652892561984
0.5637362637362637
0.5508403361344538
0.6297752808988764
0.4110576923076923
0.6292207792207792
0.59375
0.475
0.6440677966101694
0.6030434782608696
0.5493975903614458
0.6189393939393939
0.5572115384615385
0.5073863636363637
0.5986301369863014
0.4170731707317073
0.5744186046511628
0.40353982300884955
0.7140522875816994
0.7301652892561984
0.5676829268292682
0.5092783505154639
0.5550561797752809
0.6820512820512821
0.5141176470588236
0.5160493827160494
0.3442028985507246
0.6747663551401869
0.7363636363636363
0.5913265306122449
0.6045454545454545
0.4896907216494845
0.6402173913043478
0.5746913580246914
0.5493975903614458
0.49709302325581395
0.5870786516853933
0.5837349397590361
0.6107142857142858
0.7476851851851852
0.475
0.6903333333333334
0.3059322033898305
0.578735632183908
0.6072164948453608
0.5923529411764706
0.7300925925925926
0.57
0.625
0.6333333333333333
0.5289772727272727
0.5913265306122449
0.6191011235955056
0.64125
0.6307377049180328
0.475
0.6923728813559322
0.42653061224489797
0.7276595744680852
0.5085858585858586
0.6211538461538462
0.475
0.6547297297297298
0.5010989010989011
0.6371951219512195
0.601980198019802
0.5505681818181818
0.629375
0.665
0.5724358974358974
0.5459770114942529
0.5288659793814433
0.5637362637362637
0.5505681818181818
0.6813131313131313
0.5837349397590361
0.494
0.5994047619047619
0.48532608695652174
0.5618279569892473
0.562962962962963
0.5533980582524272
0.6292207792207792
0.4481132075471698
0.6089743589743589
0.6830578512396694
0.5459770114942529
0.5679347826086957
0.42523809523809525
0.7538709677419355
0.608
0.6845588235294118
0.5056451612903226
0.6033783783783784
0.7647798742138365
0.5364705882352941
0.5594444444444444
0.6132911392405064
0.5380530973451327
0.5464601769911505
0.6921428571428572
0.6147058823529412
0.5864197530864198
0.6688775510204081
0.6045454545454545
0.5798701298701299
0.616015625
0.7230555555555556
0.7281437125748503
0.5163043478260869
0.6016666666666667
0.5568965517241379
0.37136363636363634
0.5953333333333334
0.45
0.3572
0.6416666666666667
0.595054945054945
0.46260869565217394
0.7234615384615385
0.6012658227848101
0.5364705882352941
0.7086065573770491
0.7125
0.6045454545454545
0.5327102803738317
0.595054945054945
0.34409448818897637
0.47
0.5861702127659575
0.6807086614173228
0.5625
0.5651898734177215
0.5123595505617977
0.5331632653061225
0.5257281553398059
0.510752688172043
0.5523255813953488
0.6302884615384615
0.5568965517241379
0.5073863636363637
0.7177777777777777
0.4952127659574468
0.6802469135802469
0.5252941176470588
0.6114942528735632
0.4703883495145631
0.5908536585365853
0.5654761904761905
0.5678160919540229
0.5459770114942529
0.560843373493976
0.6472527472527473
0.46282051282051284
0.53
0.49007936507936506
0.5533980582524272
0.6035294117647059
0.48
0.5160493827160494
0.6333333333333333
0.5962765957446808
0.43907563025210083
0.5512345679012346
0.452803738317757
0.5024038461538461
0.5132183908045977
0.48579545454545453
0.57
0.5145833333333333
0.560843373493976
0.5230337078651686
0.5512345679012346
0.4697802197802198
0.6301980198019802
0.585981308411215
0.5923529411764706
0.629375
0.6517441860465116
0.7300492610837438
0.48
0.5588235294117647
0.5951807228915663
0.4698924731182796
0.54625
0.475
0.6114942528735632
0.5846153846153846
0.4891089108910891
0.6033783783783784
0.4439252336448598
0.6993055555555555
0.6125
0.5252941176470588
0.6852459016393443
0.5741758241758241
0.5777027027027027
0.6168831168831169
0.5181818181818182
0.6186046511627907
0.6195652173913043
0.6126168224299066
0.560843373493976
0.5798701298701299
0.6125
0.56
0.5443820224719101
0.6154929577464788
0.6731788079470199
0.5767857142857142
0.5308823529411765
0.4201923076923077
0.54
0.32633587786259544
0.57
0.5122549019607843
0.48677685950413224
0.5837349397590361
0.5846153846153846
0.6236641221374046
0.6131818181818182
0.6640776699029126
0.38571428571428573
0.5383333333333333
0.5875
0.5163043478260869
0.5225
0.534375
0.529113924050633
0.4658653846153846
0.531547619047619
0.58
0.5923529411764706
0.6721698113207547
0.576063829787234
0.5744186046511628
0.4589887640449438
0.6465277777777778
0.5154255319148936
0.5428571428571428
0.6433070866141732
0.49065934065934064
0.5846153846153846
0.4961111111111111
0.6828125
0.5324175824175824
0.5568965517241379
0.4519417475728155
0.7343971631205674
0.6368131868131868
0.3931034482758621
0.5484536082474227
0.5089285714285714
0.578735632183908
0.6585227272727273
0.673931623931624
0.47892561983471077
0.5010989010989011
0.6075581395348837
0.59375
0.5951807228915663
0.5132183908045977
0.5754807692307692
0.6446428571428572
0.6107142857142858
0.5905405405405405
0.5329268292682927
0.5395061728395062
0.5428571428571428
0.6211538461538462
0.4134259259259259
0.4342857142857143
0.6045454545454545
0.5654761904761905
0.5825471698113207
0.568041237113402
0.6576923076923077
0.6030434782608696
0.6089743589743589
0.5531645569620253
0.45478723404255317
0.6265957446808511
0.6122222222222222
0.49817073170731707
0.6333333333333333
0.5678160919540229
0.5637362637362637
0.6175
0.6005747126436781
0.46444444444444444
0.5337078651685393
0.5829545454545455
0.6693181818181818
0.6153409090909091
0.554950495049505
0.5287735849056604
0.6705882352941176
0.4275
0.5640625
0.560843373493976
0.5357142857142857
0.6234375
0.5576086956521739
0.6016666666666667
0.6045454545454545
0.47029702970297027
0.6368131868131868
0.34952830188679246
0.5746913580246914
0.59375
0.6711956521739131
0.5132183908045977
0.59375
0.5505681818181818
0.5620833333333334
0.4961111111111111
0.6024390243902439
0.5349514563106796
0.5864197530864198
0.5411392405063291
0.676875
0.578735632183908
0.7247422680412371
0.5512345679012346
0.5428571428571428
0.6045454545454545
0.5923529411764706
0.675206611570248
0.5626213592233009
0.5916666666666667
0.5568965517241379
0.4888349514563107
0.572289156626506
0.4648936170212766
0.5816326530612245
0.6147058823529412
0.5551948051948052
0.5277777777777778
0.46238938053097345
0.5613636363636364
0.5389423076923077
0.5247619047619048
0.597752808988764
0.5383333333333333
0.4213709677419355
0.5739583333333333
0.5369565217391304
0.5029411764705882
0.6221238938053097
0.6180722891566265
0.5072815533980582
0.4570754716981132
0.40353982300884955
0.5994047619047619
0.5391891891891892
0.6005747126436781
0.523469387755102
0.3958333333333333
0.5445121951219513
0.6365979381443299
0.6066265060240964
0.4910112359550562
0.5908536585365853
0.5767857142857142
0.44759615384615387
0.6377622377622377
0.5870786516853933
0.5953333333333334
0.605625
0.5651898734177215
0.6032846715328467
0.5573333333333333
0.5838541666666667
0.5443820224719101
0.3608527131782946
0.46322314049586777
0.5981481481481481
0.59375
0.5811764705882353
0.6153409090909091
0.475
0.49875
0.6576923076923077
0.6675675675675675
0.4553719008264463
0.5675324675324676
0.5995901639344262
0.7125
0.5752293577981651
0.47010309278350515
0.5826666666666667
0.5022988505747127
0.6415584415584416
0.5550561797752809
0.36704545454545456
0.596694214876033
0.5531645569620253
0.5181818181818182
0.6168831168831169
0.5582474226804124
0.45340909090909093
0.6152380952380953
0.6125
0.534375
0.600735294117647
0.5744186046511628
0.6616071428571428
0.5905405405405405
0.5154255319148936
0.525
0.5181818181818182
0.40826446280991735
0.562962962962963
0.5225
0.3834862385321101
0.5512345679012346
0.6016666666666667
0.558125
0.5633720930232559
0.5744186046511628
0.5911111111111111
0.5679347826086957
0.49065934065934064
0.575
0.6834532374100719
0.5101851851851852
0.5865217391304348
0.4655
0.5613636363636364
0.6729166666666667
0.59375
0.5285714285714286
0.608
0.572289156626506
0.578735632183908
0.5654761904761905
0.5572115384615385
0.5925742574257425
0.4642045454545455
0.581875
0.5744186046511628
0.5652892561983471
0.7125
0.6308
0.5792682926829268
0.7146017699115044
0.6186046511627907
0.6909090909090909
0.5225
0.57
0.5488888888888889
0.7340909090909091
0.5441747572815534
0.5202380952380953
0.6384
0.5550561797752809
0.3783898305084746
0.5720430107526882
0.6211538461538462
0.5678160919540229
0.5132183908045977
0.5244791666666667
0.5040816326530613
0.5744186046511628
0.5154255319148936
0.5493975903614458
0.5613636363636364
0.5880952380952381
0.575
0.5505681818181818
0.534375
0.5079207920792079
0.44759615384615387
0.6045454545454545
0.5311827956989247
0.5896551724137931
0.5202380952380953
0.6361607142857143
0.6253164556962025
0.57
0.6586666666666666
0.5864197530864198
0.6711956521739131
0.5172222222222222
0.5967948717948718
0.5924731182795699
0.6830578512396694
0.5949494949494949
0.5908536585365853
0.5995145631067961
0.6296511627906977
0.562962962962963
0.7307692307692307
0.54625
0.3768595041322314
0.6229508196721312
0.5493975903614458
0.5022988505747127
0.5928
0.625609756097561
0.5046875
0.49065934065934064
0.63
0.5854651162790697
0.6586666666666666
0.5679347826086957
0.48532608695652174
0.4186440677966102
0.4481132075471698
0.57
0.5602564102564103
0.534375
0.52
0.5181818181818182
0.5922077922077922
0.5880952380952381
0.4536036036036036
0.6879310344827586
0.5654761904761905
0.521978021978022
0.5428571428571428
0.7147619047619047
0.6107142857142858
0.6909090909090909
0.6465277777777778
0.5247619047619048
0.73125
0.6406976744186047
0.534375
0.586764705882353
0.5369565217391304
0.3496
0.5971428571428572
0.48532608695652174
0.31214285714285717
0.5792682926829268
0.6604761904761904
0.3717391304347826
0.5560975609756098
0.6131205673758865
0.6147058823529412
