0.3737640380859375
0.04449200630187988
0.041494131088256836
0.03875160217285156
0.03884601593017578
0.039597511291503906
0.0395960807800293
0.039602041244506836
0.039267778396606445
0.040250301361083984
0.041237831115722656
0.03937864303588867
0.038591623306274414
0.038852691650390625
0.03872370719909668
0.0392916202545166
0.03894209861755371
0.03999662399291992
0.038610219955444336
0.04056596755981445
0.03862905502319336
0.040285348892211914
0.11447572708129883
0.038857221603393555
0.04039621353149414
0.03918600082397461
0.03982734680175781
0.04084277153015137
0.03904008865356445
0.03926682472229004
0.03875565528869629
0.039189815521240234
0.0394740104675293
0.039574384689331055
0.038281917572021484
0.039758920669555664
0.03930306434631348
0.038329124450683594
0.03925442695617676
0.040792226791381836
0.040154457092285156
0.03918313980102539
0.03907132148742676
0.04004955291748047
0.038304805755615234
0.04007148742675781
0.03997206687927246
0.040540456771850586
0.03972983360290527
0.039121150970458984
0.038309335708618164
0.03925919532775879
0.038027048110961914
0.03867530822753906
0.039520263671875
0.03832364082336426
0.039823293685913086
0.04003167152404785
0.039724111557006836
0.038983821868896484
0.04104256629943848
0.04042863845825195
0.04129934310913086
0.0391697883605957
0.03834342956542969
0.04023241996765137
0.03848886489868164
0.03960156440734863
0.04108858108520508
0.03920912742614746
0.03828859329223633
0.04000568389892578
0.038243770599365234
0.04040932655334473
0.038452863693237305
0.03922271728515625
0.039130210876464844
0.03840470314025879
0.03806638717651367
0.040900230407714844
0.03936481475830078
0.03908944129943848
0.038489580154418945
0.03978276252746582
0.03909015655517578
0.04000234603881836
0.039261579513549805
0.0400996208190918
0.04127836227416992
0.03926849365234375
0.03955364227294922
0.04090595245361328
0.0380098819732666
0.03853940963745117
0.04039645195007324
0.03824782371520996
0.0398249626159668
0.04128527641296387
0.03810691833496094
0.040097713470458984
0.039653778076171875
0.038329124450683594
0.03801894187927246
0.03925514221191406
0.038663625717163086
0.04037833213806152
0.038521766662597656
0.03967428207397461
0.03889966011047363
0.03994154930114746
0.03810453414916992
0.039995670318603516
0.04011082649230957
0.039099693298339844
0.03813982009887695
0.04006457328796387
0.03824448585510254
0.03896737098693848
0.03844094276428223
0.039731502532958984
0.03937888145446777
0.0405888557434082
0.0396418571472168
0.039479970932006836
0.03976750373840332
0.039604902267456055
0.03849315643310547
0.03907036781311035
0.04222869873046875
0.039803266525268555
0.0400545597076416
0.04316377639770508
0.03816628456115723
0.03971552848815918
0.037888526916503906
0.03992724418640137
0.03887438774108887
0.03923153877258301
0.04051685333251953
0.04301166534423828
0.039023399353027344
0.03941202163696289
0.03839898109436035
0.03904914855957031
0.039406538009643555
0.040291786193847656
0.03820300102233887
0.042450666427612305
0.0430145263671875
0.039310455322265625
0.03934001922607422
0.040136098861694336
0.03872489929199219
0.04039478302001953
0.03997468948364258
0.03944206237792969
0.038537025451660156
0.04021048545837402
0.03806281089782715
0.039977312088012695
0.04001116752624512
0.03828167915344238
0.03848671913146973
0.03900027275085449
0.03846597671508789
0.03837156295776367
0.041390180587768555
0.04395604133605957
0.04092597961425781
0.03934955596923828
0.038526058197021484
0.03841423988342285
0.03914380073547363
0.0409085750579834
0.03916335105895996
0.04131340980529785
0.04262399673461914
0.04123711585998535
0.03837895393371582
0.03983950614929199
0.03890395164489746
0.0397646427154541
0.03930020332336426
0.042333126068115234
0.039635658264160156
0.03824949264526367
0.03905057907104492
0.0389404296875
0.03805971145629883
0.04006171226501465
0.039899587631225586
0.040586233139038086
0.040082693099975586
0.03974485397338867
0.03826403617858887
0.03885388374328613
0.0398409366607666
0.038187503814697266
0.03972578048706055
0.03990435600280762
0.0385134220123291
0.04342341423034668
0.03978323936462402
0.039281606674194336
0.038691043853759766
0.03833270072937012
0.038997650146484375
0.08334207534790039
0.03872823715209961
0.04045462608337402
0.03935956954956055
0.03848385810852051
0.03856778144836426
0.04032325744628906
0.041579484939575195
0.04069709777832031
0.039771318435668945
0.04181623458862305
0.0399937629699707
0.04129934310913086
0.03917431831359863
0.04041457176208496
0.038645029067993164
0.04451870918273926
0.03838229179382324
0.03844332695007324
0.04161667823791504
0.04221177101135254
0.03938412666320801
0.042443275451660156
0.04485964775085449
0.03976559638977051
0.0384516716003418
0.041582584381103516
0.04027366638183594
0.040465354919433594
0.039086103439331055
0.03983783721923828
0.0386655330657959
0.039795637130737305
0.03823685646057129
0.04014778137207031
0.038421630859375
0.040146589279174805
0.04134702682495117
0.03960108757019043
0.039453983306884766
0.0394291877746582
0.03807425498962402
0.04002737998962402
0.03828167915344238
0.03970217704772949
0.03869915008544922
0.03939366340637207
0.04027748107910156
0.0411381721496582
0.04346656799316406
0.04038262367248535
0.04070305824279785
0.04331183433532715
0.038515329360961914
0.038575172424316406
0.03943324089050293
0.03904438018798828
0.03883981704711914
0.03847622871398926
0.03896450996398926
0.0386805534362793
0.03841662406921387
0.039603471755981445
0.03922891616821289
0.039391279220581055
0.037999629974365234
0.04033327102661133
0.043538570404052734
0.03829622268676758
0.03842282295227051
0.03924846649169922
0.0384368896484375
0.0390782356262207
0.03905010223388672
0.0432436466217041
0.04326343536376953
0.03941535949707031
0.03995084762573242
0.044471025466918945
0.0389254093170166
0.03876972198486328
0.03895974159240723
0.03848862648010254
0.03938031196594238
0.03881049156188965
0.038446664810180664
0.03861284255981445
0.0381009578704834
0.03857159614562988
0.038633108139038086
0.03850960731506348
0.03917717933654785
0.03946089744567871
0.03852248191833496
0.038249969482421875
0.03933119773864746
0.038634300231933594
0.039156198501586914
0.04184246063232422
0.0392611026763916
0.039108991622924805
0.03900337219238281
0.038262128829956055
0.039586544036865234
0.039443016052246094
0.03891181945800781
0.040056467056274414
0.03865861892700195
0.03848743438720703
0.03894209861755371
0.03866910934448242
0.03866934776306152
0.03889155387878418
0.037880659103393555
0.03879880905151367
0.03918147087097168
0.038144826889038086
0.03887486457824707
0.03870725631713867
0.038140058517456055
0.039061784744262695
0.03926372528076172
0.03880763053894043
0.03872275352478027
0.038724660873413086
0.038481712341308594
0.039048194885253906
0.03850722312927246
0.04100179672241211
0.04281973838806152
0.038526296615600586
0.038814544677734375
0.038652896881103516
0.0384519100189209
0.03821563720703125
0.03900003433227539
0.038501739501953125
0.0382993221282959
0.0385899543762207
0.04257988929748535
0.04202985763549805
0.03989768028259277
0.04126739501953125
0.042344093322753906
0.03937935829162598
0.03923821449279785
0.038015127182006836
0.039381980895996094
0.03882408142089844
0.03865671157836914
0.03917741775512695
0.038527488708496094
0.03850245475769043
0.03832530975341797
0.04093027114868164
0.04439520835876465
0.038272857666015625
0.03825545310974121
0.03966951370239258
0.03842329978942871
0.03846025466918945
0.03840756416320801
0.038144588470458984
0.03864288330078125
0.04006505012512207
0.03815865516662598
0.03911733627319336
0.03956460952758789
0.0383458137512207
0.041132450103759766
0.04231882095336914
0.03841567039489746
0.04072928428649902
0.03841137886047363
0.03834271430969238
0.038548946380615234
0.04212665557861328
0.038423776626586914
0.03847622871398926
0.03848600387573242
0.03896355628967285
0.03844285011291504
0.03859114646911621
0.038951873779296875
0.03878045082092285
0.03861737251281738
0.03924918174743652
0.03859353065490723
0.04108905792236328
0.042253732681274414
0.03932809829711914
0.038514137268066406
0.03812003135681152
0.038805484771728516
0.0415956974029541
0.04495096206665039
0.03805732727050781
0.03876852989196777
0.042917490005493164
0.038552284240722656
0.03926801681518555
0.04041886329650879
0.03866386413574219
0.03823685646057129
0.0393221378326416
0.03888440132141113
0.03841853141784668
0.03849959373474121
0.0386810302734375
0.03944730758666992
0.03825974464416504
0.039371490478515625
0.03815317153930664
0.03890275955200195
0.038474321365356445
0.03821301460266113
0.03867530822753906
0.04142117500305176
0.04305100440979004
0.039224863052368164
0.0380091667175293
0.03840374946594238
0.03824162483215332
0.03881525993347168
0.03796219825744629
0.039209842681884766
0.03813600540161133
0.03931999206542969
0.03816556930541992
0.038443803787231445
0.038522958755493164
0.038532257080078125
0.038733720779418945
0.04425835609436035
0.038188934326171875
0.039217472076416016
0.0381166934967041
0.038421630859375
0.038454294204711914
0.038820505142211914
0.03885602951049805
0.04352092742919922
0.03935956954956055
0.03864622116088867
0.04213118553161621
0.03891277313232422
0.040398359298706055
0.04312944412231445
0.03854775428771973
0.039423227310180664
0.03907203674316406
0.03822588920593262
0.03871464729309082
0.038100242614746094
0.03853607177734375
0.03852534294128418
0.03913736343383789
0.03828287124633789
0.039427995681762695
0.03818345069885254
0.03832507133483887
0.03826618194580078
0.03942108154296875
0.03841423988342285
0.0384976863861084
0.038443565368652344
0.03912544250488281
0.03907299041748047
0.038700103759765625
0.03821110725402832
0.038403987884521484
0.03920459747314453
0.03815412521362305
0.0383760929107666
0.03843522071838379
0.03793001174926758
0.038553476333618164
0.03904533386230469
0.03858661651611328
0.038512468338012695
0.038117170333862305
0.039492130279541016
0.04291367530822754
0.038047075271606445
0.03849649429321289
0.038225412368774414
0.03927946090698242
0.0380244255065918
0.03858160972595215
0.03858208656311035
0.038010597229003906
0.03929901123046875
0.038321733474731445
0.03802800178527832
0.03908419609069824
0.03832674026489258
0.03799152374267578
0.03795957565307617
0.03844332695007324
0.03798103332519531
0.03847837448120117
0.039479732513427734
0.03889346122741699
0.039788007736206055
0.03835344314575195
0.03805661201477051
0.038359880447387695
0.03918719291687012
0.03802847862243652
0.03847002983093262
0.04098796844482422
0.042243003845214844
0.038170576095581055
0.03925895690917969
0.03882884979248047
0.03898167610168457
0.03829503059387207
0.038018226623535156
0.03812837600708008
0.038344383239746094
0.03803277015686035
0.0380551815032959
0.03833746910095215
0.038045644760131836
0.0391077995300293
0.0383756160736084
0.03802227973937988
0.03910398483276367
0.03859353065490723
0.0385129451751709
0.0381925106048584
0.03821110725402832
0.03930306434631348
0.03893542289733887
0.03811359405517578
0.038275957107543945
0.03859400749206543
0.03866314888000488
0.03807973861694336
0.03798270225524902
0.03856039047241211
0.03807950019836426
0.03834390640258789
0.03847026824951172
0.03844118118286133
0.03839826583862305
0.03861355781555176
0.03844428062438965
0.038576364517211914
0.038515567779541016
0.03817462921142578
0.038327693939208984
0.03869318962097168
0.038019657135009766
0.03820466995239258
0.03843259811401367
0.038315773010253906
0.03841352462768555
0.03907918930053711
0.03844261169433594
0.04384469985961914
0.03893566131591797
0.03920316696166992
0.03813672065734863
0.03838682174682617
0.03820180892944336
0.037872314453125
0.03843235969543457
0.03818917274475098
0.03890800476074219
0.03913235664367676
0.03811192512512207
0.03816699981689453
0.03968644142150879
0.038439273834228516
0.03879690170288086
0.03923535346984863
0.03896474838256836
0.038690805435180664
0.0381624698638916
0.03921961784362793
0.04076528549194336
0.043451547622680664
0.03898310661315918
0.03946208953857422
0.03848910331726074
0.038188934326171875
0.0391383171081543
0.03852581977844238
0.03992033004760742
0.043825387954711914
0.0382535457611084
0.03807878494262695
0.03848457336425781
0.03808116912841797
0.038789987564086914
0.038529157638549805
0.038228511810302734
0.03977251052856445
0.03809213638305664
0.03835439682006836
0.03808164596557617
0.0382685661315918
0.03931999206542969
0.03796863555908203
0.038123130798339844
0.0384058952331543
0.03922414779663086
0.03899979591369629
0.043897151947021484
0.03830122947692871
0.0380709171295166
0.038637399673461914
0.037954092025756836
0.03780722618103027
0.038613319396972656
0.03925442695617676
0.03816485404968262
0.03831195831298828
0.039380550384521484
0.03819084167480469
0.03835797309875488
0.03920626640319824
0.03831815719604492
0.03834939002990723
0.03933238983154297
0.03844165802001953
0.03906846046447754
0.039182186126708984
0.038376569747924805
0.038556814193725586
0.039464712142944336
0.03892874717712402
0.038433074951171875
0.03827810287475586
0.03815603256225586
0.03836321830749512
0.03908491134643555
0.03842926025390625
0.03955578804016113
0.03906655311584473
0.038388729095458984
0.03858780860900879
0.038414716720581055
0.0384218692779541
0.03930354118347168
0.039067745208740234
0.03907489776611328
0.039092063903808594
0.03869986534118652
0.038249969482421875
0.03941631317138672
0.03939485549926758
0.03817296028137207
0.038590192794799805
0.03983354568481445
0.042845964431762695
0.03874969482421875
0.03810429573059082
0.03973746299743652
0.03857898712158203
0.03913307189941406
0.03952598571777344
0.038781166076660156
0.0415494441986084
0.038759708404541016
0.039663076400756836
0.03856945037841797
0.03854703903198242
0.03874373435974121
0.038630008697509766
0.04093456268310547
0.042757272720336914
0.03868556022644043
0.039504289627075195
0.038559675216674805
0.03838777542114258
0.03827071189880371
0.0385897159576416
0.038141489028930664
0.03850150108337402
0.039359092712402344
0.03918719291687012
0.0384516716003418
0.0386807918548584
0.0390167236328125
0.03924369812011719
0.03846263885498047
0.03911900520324707
0.039536237716674805
0.03882241249084473
0.041959285736083984
0.03868985176086426
0.04114818572998047
0.04260587692260742
0.03927493095397949
0.03955674171447754
0.03897356986999512
0.03940153121948242
0.03839993476867676
0.03851914405822754
0.04093599319458008
0.04209113121032715
0.03853917121887207
0.038231849670410156
0.038532257080078125
0.03949308395385742
0.03925275802612305
0.04156827926635742
0.044289588928222656
0.03835773468017578
0.03816795349121094
0.038825035095214844
0.03843235969543457
0.03915262222290039
0.0387423038482666
0.03906607627868652
0.03859138488769531
0.03859400749206543
0.03843998908996582
0.03839254379272461
0.039435625076293945
0.03818821907043457
0.03863024711608887
0.039460182189941406
0.03826093673706055
0.03841590881347656
0.038515329360961914
0.038962602615356445
0.04302215576171875
0.03943276405334473
0.03948783874511719
0.03833365440368652
0.03939342498779297
0.03827834129333496
0.039139747619628906
0.03821134567260742
0.03823065757751465
0.0395660400390625
0.039258480072021484
0.03942298889160156
0.0393218994140625
0.03918862342834473
0.03928947448730469
0.039804935455322266
0.03828787803649902
0.03874611854553223
0.03959512710571289
0.03922605514526367
0.038538217544555664
0.03905081748962402
0.04379415512084961
0.03832125663757324
0.03955817222595215
0.03852272033691406
0.03940534591674805
0.03847002983093262
0.0393826961517334
0.03828930854797363
0.03822684288024902
0.03815889358520508
0.038576602935791016
0.04439043998718262
0.038524627685546875
0.03902101516723633
0.038492679595947266
0.038414955139160156
0.039212942123413086
0.039261817932128906
0.03869366645812988
0.03825235366821289
0.03845047950744629
0.03947186470031738
0.03837299346923828
0.03849291801452637
0.03853464126586914
0.03853940963745117
0.03871560096740723
0.03916764259338379
0.04149293899536133
0.0406036376953125
0.03955698013305664
0.03842449188232422
0.038942813873291016
0.04038810729980469
0.03828573226928711
0.03852391242980957
0.03873300552368164
0.03860902786254883
0.03905177116394043
0.03857874870300293
0.0385737419128418
0.03859281539916992
0.03935980796813965
0.03955483436584473
0.03836178779602051
0.040311336517333984
0.03846263885498047
0.03828930854797363
0.039481163024902344
0.03951740264892578
0.03934192657470703
0.0407106876373291
0.04288649559020996
0.03924131393432617
0.039206743240356445
0.03835487365722656
0.03864026069641113
0.0435643196105957
0.04294919967651367
0.03853631019592285
0.03951740264892578
0.03946542739868164
0.03827047348022461
0.03917551040649414
0.03936028480529785
0.03830575942993164
0.03836965560913086
0.039520263671875
0.03823232650756836
0.04036903381347656
0.039515018463134766
0.039258480072021484
0.03858017921447754
0.0383448600769043
0.03932380676269531
0.04098320007324219
0.04387784004211426
0.0384523868560791
0.03871941566467285
0.039398908615112305
0.03852963447570801
0.03907418251037598
0.03941941261291504
0.03906512260437012
0.039592742919921875
0.03862929344177246
0.0382845401763916
0.038704872131347656
0.04074263572692871
0.04266977310180664
0.038674116134643555
0.04145050048828125
0.04439115524291992
0.0386197566986084
0.04145669937133789
0.04179978370666504
0.03855013847351074
0.03909707069396973
0.038724660873413086
0.03929471969604492
0.038202524185180664
0.038904428482055664
0.038568973541259766
0.03931069374084473
0.0384829044342041
0.039530038833618164
0.040483713150024414
0.039586544036865234
0.038820743560791016
0.0393681526184082
0.03868746757507324
0.03900408744812012
0.044823408126831055
0.0384824275970459
0.03908562660217285
0.03986406326293945
0.038332223892211914
0.04122662544250488
0.04232311248779297
0.0382235050201416
0.03858780860900879
0.03832125663757324
0.03914499282836914
0.03852105140686035
0.038346052169799805
0.03841662406921387
0.03940629959106445
0.03876543045043945
0.03849601745605469
0.03835749626159668
0.03930068016052246
0.03839612007141113
0.03861117362976074
0.039153337478637695
0.039409637451171875
0.03948235511779785
0.03823590278625488
0.038796424865722656
0.04087209701538086
0.03890085220336914
0.03855085372924805
0.03805661201477051
0.03903937339782715
0.03907632827758789
0.039467573165893555
0.0381169319152832
0.03837323188781738
0.038472652435302734
0.040873050689697266
0.04201960563659668
0.039071083068847656
0.039482831954956055
0.0382537841796875
0.039491891860961914
0.039525747299194336
0.03906750679016113
0.03899025917053223
0.039562225341796875
0.038231611251831055
0.03862738609313965
0.03940010070800781
0.03969860076904297
0.03961968421936035
0.03885531425476074
0.038317203521728516
0.038938045501708984
0.042459964752197266
0.04194021224975586
0.03871417045593262
0.04101681709289551
0.04107522964477539
0.0411534309387207
0.03869295120239258
0.03892993927001953
0.03846168518066406
0.03867316246032715
0.03948163986206055
0.03835749626159668
0.0431973934173584
0.03829169273376465
0.03858017921447754
0.03942298889160156
0.03842973709106445
0.0394442081451416
0.03977704048156738
0.03864169120788574
0.04093337059020996
0.04132866859436035
0.03927326202392578
0.03867030143737793
0.03841519355773926
0.03866887092590332
0.0385289192199707
0.03829216957092285
0.03854703903198242
0.038581132888793945
0.04052472114562988
0.03855443000793457
0.038709163665771484
0.03861117362976074
0.03828907012939453
0.03851056098937988
0.03855419158935547
0.03860807418823242
0.03847098350524902
0.039464473724365234
0.03870272636413574
0.03853893280029297
0.03843545913696289
0.03883194923400879
0.03831887245178223
0.038758039474487305
0.03943371772766113
0.038446903228759766
0.03864884376525879
0.039563655853271484
0.03850603103637695
0.03851604461669922
0.03876495361328125
0.03946518898010254
0.038953304290771484
0.03944826126098633
0.039490699768066406
0.03905129432678223
0.03847503662109375
0.038582801818847656
0.03828310966491699
0.039484500885009766
0.03907060623168945
0.03899955749511719
0.03872084617614746
0.038849592208862305
0.03831672668457031
0.038526058197021484
0.038581132888793945
0.038355350494384766
0.03884744644165039
0.03857254981994629
0.03835153579711914
0.03806948661804199
0.03880190849304199
0.03865981101989746
0.04301142692565918
0.03860902786254883
0.03839850425720215
0.03892946243286133
0.041025400161743164
0.04015660285949707
0.03955960273742676
0.0435938835144043
0.03944826126098633
0.03858590126037598
0.03916430473327637
0.03867530822753906
0.04006195068359375
0.04049539566040039
0.04037833213806152
0.03860187530517578
0.039766788482666016
0.03857016563415527
0.03864693641662598
0.03864121437072754
0.03858757019042969
0.03888893127441406
0.04197859764099121
0.03863263130187988
0.0387110710144043
0.03934741020202637
0.03831601142883301
0.039183855056762695
0.03991532325744629
0.0383150577545166
0.038572072982788086
0.03946089744567871
0.0382382869720459
0.03843092918395996
0.03942060470581055
0.03828072547912598
0.03833508491516113
0.03866887092590332
0.03828787803649902
0.03878951072692871
0.038677215576171875
0.03818988800048828
0.03869032859802246
0.040581464767456055
0.03943157196044922
0.03869795799255371
0.04120445251464844
0.03831195831298828
0.03867626190185547
0.0391082763671875
0.03979611396789551
0.03863668441772461
0.038425445556640625
0.03882145881652832
0.038533926010131836
0.03861427307128906
0.039129018783569336
0.038452863693237305
0.038495779037475586
0.03821825981140137
0.040702104568481445
0.03968453407287598
0.038466691970825195
0.03948402404785156
0.03855323791503906
0.03835415840148926
0.03861665725708008
0.0393984317779541
0.03813791275024414
0.04010367393493652
0.0384831428527832
0.039133548736572266
0.03942370414733887
0.038763999938964844
0.039177894592285156
0.03908658027648926
0.03850555419921875
0.03886079788208008
0.03831195831298828
0.03867769241333008
0.03852653503417969
0.03908514976501465
0.039696693420410156
0.03827404975891113
0.03857421875
0.03810882568359375
0.038826704025268555
0.038452863693237305
0.03841233253479004
0.039049386978149414
0.03846621513366699
0.03860116004943848
0.03965568542480469
0.038229942321777344
0.03858304023742676
0.03844285011291504
0.03838181495666504
0.03857135772705078
0.039746999740600586
0.039025306701660156
0.038483381271362305
0.03941702842712402
0.03903651237487793
0.038424015045166016
0.03844404220581055
0.038826704025268555
0.03838944435119629
0.0386042594909668
0.038704872131347656
0.04064774513244629
0.03856778144836426
0.03850412368774414
0.038526296615600586
0.03836560249328613
0.038658857345581055
0.038588523864746094
0.039147377014160156
0.04054427146911621
0.04131197929382324
0.03845572471618652
0.03845667839050293
0.03855466842651367
0.038820505142211914
0.03839111328125
0.03824925422668457
0.039159297943115234
0.038268089294433594
0.03847193717956543
0.03873491287231445
0.045160770416259766
0.03818202018737793
0.03818678855895996
0.03863382339477539
0.038750648498535156
0.03867673873901367
0.0385289192199707
0.03793954849243164
0.03952598571777344
0.03843045234680176
0.03811168670654297
0.038186073303222656
0.038535356521606445
0.0391390323638916
0.0385739803314209
0.03982114791870117
0.03823137283325195
0.04003548622131348
0.038428306579589844
0.038062334060668945
0.038931846618652344
0.039423227310180664
0.03826141357421875
0.03834939002990723
0.03871488571166992
0.03959202766418457
0.039075613021850586
0.03913688659667969
0.03912806510925293
0.04067730903625488
0.03864121437072754
0.0383152961730957
0.0386197566986084
0.04066753387451172
0.0414884090423584
0.03942680358886719
0.03873586654663086
0.04265308380126953
0.03940176963806152
0.03867387771606445
0.038674116134643555
0.03831362724304199
0.03939485549926758
0.03858232498168945
0.03921008110046387
0.039016008377075195
0.040667057037353516
0.039639949798583984
0.039836883544921875
0.039923906326293945
0.039489030838012695
0.03842425346374512
0.03850197792053223
0.03827404975891113
0.038098812103271484
0.04033064842224121
0.03971052169799805
0.039235830307006836
0.03945016860961914
0.039084434509277344
0.03856158256530762
0.03829336166381836
0.039626359939575195
0.03935885429382324
0.039864540100097656
0.03872227668762207
0.03849935531616211
0.03844165802001953
0.0389704704284668
0.038880348205566406
0.039365291595458984
0.04144454002380371
0.03914070129394531
0.03823399543762207
0.038661956787109375
0.0382688045501709
0.039072275161743164
0.03865671157836914
0.0384984016418457
0.039315223693847656
0.03851151466369629
0.03868532180786133
0.038789987564086914
0.0396420955657959
0.040190696716308594
0.03853797912597656
0.039098262786865234
0.03862118721008301
0.03830218315124512
0.03869962692260742
0.03935647010803223
0.038794755935668945
0.04117989540100098
0.039257049560546875
0.03891277313232422
0.039296627044677734
0.03853893280029297
0.03868365287780762
0.03817343711853027
0.03833723068237305
0.03859663009643555
0.04167890548706055
0.03872489929199219
0.03987932205200195
0.04118704795837402
0.03841710090637207
0.03835749626159668
0.038446903228759766
0.03830766677856445
0.03807401657104492
0.03856039047241211
0.0387883186340332
0.03807950019836426
0.03834128379821777
0.03833603858947754
0.03823065757751465
0.038427114486694336
0.03821849822998047
0.03828573226928711
0.03864479064941406
0.03825521469116211
0.03818941116333008
0.03855609893798828
0.03890204429626465
0.037789344787597656
0.03835725784301758
0.0383143424987793
0.03910017013549805
0.03779244422912598
0.0381627082824707
0.03840327262878418
0.03818488121032715
0.03904366493225098
0.0384364128112793
0.03815340995788574
0.03831291198730469
0.03955268859863281
0.03842902183532715
0.03814268112182617
0.03817248344421387
0.03941965103149414
0.0381922721862793
0.03788924217224121
0.0384831428527832
0.0392298698425293
0.039650678634643555
0.04279780387878418
0.03838491439819336
0.03846025466918945
0.038294076919555664
0.03921794891357422
0.03924202919006348
0.039200782775878906
0.03832101821899414
0.03828167915344238
0.03901362419128418
0.038660287857055664
0.03823280334472656
0.038617849349975586
0.038533687591552734
0.03930068016052246
0.03850531578063965
0.04256725311279297
0.03834819793701172
0.03832697868347168
0.038309335708618164
0.0380706787109375
0.03912067413330078
0.03924250602722168
0.039148807525634766
0.04159092903137207
0.04088139533996582
0.04080963134765625
0.03948569297790527
0.039475202560424805
0.04240894317626953
0.03966808319091797
0.03924059867858887
0.04466986656188965
0.03852725028991699
0.038135528564453125
0.03854632377624512
0.038213253021240234
0.03851675987243652
0.03941965103149414
0.03899574279785156
0.038297414779663086
0.03849005699157715
0.038167476654052734
0.03784656524658203
0.038796186447143555
0.03936290740966797
0.038826942443847656
0.03833436965942383
0.03828930854797363
0.03835868835449219
0.03914046287536621
0.04192543029785156
0.039142608642578125
0.03847455978393555
0.038974761962890625
0.03926205635070801
0.038549184799194336
0.03814840316772461
0.038219451904296875
0.038556814193725586
0.03818154335021973
0.03903603553771973
0.038603782653808594
0.03890728950500488
0.038466691970825195
0.039525508880615234
0.038988590240478516
0.03840160369873047
0.03841543197631836
0.03831839561462402
0.03927254676818848
0.038657188415527344
0.04001641273498535
0.03841376304626465
0.03838038444519043
0.038693904876708984
0.03857159614562988
0.03830146789550781
0.03924298286437988
0.03888988494873047
0.03818082809448242
0.039176225662231445
0.03858160972595215
0.03893089294433594
0.038843631744384766
0.0385286808013916
0.038266897201538086
0.038726806640625
0.038434743881225586
0.03832530975341797
0.03842020034790039
0.03951382637023926
0.0391392707824707
0.03890585899353027
0.03841042518615723
0.03913402557373047
0.03836250305175781
0.03957033157348633
0.03847908973693848
0.039145469665527344
0.04036760330200195
0.03910088539123535
0.03797483444213867
0.03944826126098633
0.03911018371582031
0.038678646087646484
0.03974580764770508
0.03834867477416992
0.03829622268676758
0.0386199951171875
0.0385897159576416
0.03907299041748047
0.03890061378479004
0.0385134220123291
0.03836488723754883
0.03818106651306152
0.03865242004394531
0.03945732116699219
0.040988922119140625
0.038617610931396484
0.038823843002319336
0.038603782653808594
0.038222312927246094
0.038117170333862305
0.0386350154876709
0.038435935974121094
0.03857231140136719
0.03798508644104004
0.038533687591552734
0.03827953338623047
0.038973331451416016
0.038507699966430664
0.03844761848449707
0.039255380630493164
0.038457393646240234
0.03827810287475586
0.038530588150024414
0.03884577751159668
0.039079904556274414
0.03840899467468262
0.03971242904663086
0.03850388526916504
0.03844022750854492
0.03870797157287598
0.038309574127197266
0.04066157341003418
0.03860807418823242
0.0390627384185791
0.039023637771606445
0.038611650466918945
0.04089474678039551
0.038401126861572266
0.03865194320678711
0.03912615776062012
0.038182735443115234
0.0390932559967041
0.03855252265930176
0.03919386863708496
0.0385892391204834
0.038730621337890625
0.03862428665161133
0.03883552551269531
0.039576053619384766
0.03838229179382324
0.038957834243774414
0.03868603706359863
0.03905749320983887
0.0387880802154541
0.03941631317138672
0.03841996192932129
0.038555145263671875
0.038812875747680664
0.038562774658203125
0.038248300552368164
0.03864407539367676
0.03872346878051758
0.03869462013244629
0.0385744571685791
0.03959178924560547
0.041126251220703125
0.03820443153381348
0.03860735893249512
0.03823590278625488
0.038602590560913086
0.038388729095458984
0.038317203521728516
0.04126143455505371
0.038350582122802734
0.03907966613769531
0.039313554763793945
0.039154052734375
0.03869819641113281
0.04196667671203613
0.04172658920288086
0.03870511054992676
0.039014339447021484
0.04259777069091797
0.039525747299194336
0.03861856460571289
0.041423797607421875
0.04352068901062012
0.03867673873901367
0.038126230239868164
0.038878440856933594
0.03867459297180176
0.0383145809173584
0.03874707221984863
0.03909111022949219
0.03818464279174805
0.03958010673522949
0.038300514221191406
0.03830862045288086
0.03854250907897949
0.03931570053100586
0.03850579261779785
0.03904151916503906
0.03972458839416504
0.03952956199645996
0.03844141960144043
0.0382993221282959
0.04245781898498535
0.04182600975036621
0.03859591484069824
0.04065227508544922
0.04197192192077637
0.041190385818481445
0.03853178024291992
0.03866004943847656
0.038305044174194336
0.03914928436279297
0.03845381736755371
0.03907155990600586
0.039545536041259766
0.03950381278991699
0.03906583786010742
0.03831005096435547
0.03836345672607422
0.03947639465332031
0.038990020751953125
0.03942060470581055
0.039113759994506836
0.03804898262023926
0.038492441177368164
0.03862810134887695
0.03865456581115723
0.03940010070800781
0.03846311569213867
0.038304805755615234
0.03847956657409668
0.03867673873901367
0.03913235664367676
0.04179835319519043
0.04507279396057129
0.03899836540222168
0.03942704200744629
0.04059457778930664
0.04148602485656738
0.03854084014892578
0.04005169868469238
0.04234910011291504
0.03847312927246094
0.039290428161621094
0.03926420211791992
0.03841805458068848
0.039380550384521484
0.044559478759765625
0.03917288780212402
0.03918170928955078
0.03832054138183594
0.03826117515563965
0.038480281829833984
0.03821206092834473
0.03837752342224121
0.03951525688171387
0.03853321075439453
0.03858447074890137
0.038571834564208984
0.03826308250427246
0.038922786712646484
0.03948640823364258
0.039404869079589844
0.03968381881713867
0.04234957695007324
0.03855633735656738
0.03854990005493164
0.038582801818847656
0.03833270072937012
0.03843498229980469
0.03854489326477051
0.03912496566772461
0.03934788703918457
0.041718244552612305
0.03867053985595703
0.04063248634338379
0.03843283653259277
0.038335323333740234
0.03949999809265137
0.038758277893066406
0.03911876678466797
0.04057192802429199
0.03823566436767578
0.038477420806884766
0.0382685661315918
0.03865194320678711
0.03912544250488281
0.039253950119018555
0.04225921630859375
0.03843188285827637
0.038861989974975586
0.042790889739990234
0.03942084312438965
0.039032697677612305
0.03923916816711426
0.03826165199279785
0.03864121437072754
0.0381464958190918
0.03852224349975586
0.03903937339782715
0.038518428802490234
0.03856325149536133
0.03818631172180176
0.0397648811340332
0.038521528244018555
0.03823661804199219
0.039351463317871094
0.03852272033691406
0.03816866874694824
0.0388643741607666
0.03834271430969238
0.0381159782409668
0.03844618797302246
0.03859567642211914
0.038323163986206055
0.038455963134765625
0.03856968879699707
0.03839468955993652
0.03805971145629883
0.039856672286987305
0.03861188888549805
0.03904366493225098
0.042008161544799805
0.04114651679992676
0.03841853141784668
0.0402674674987793
0.04117321968078613
0.038433074951171875
0.04010200500488281
0.04278755187988281
0.03841209411621094
0.03789949417114258
0.03956437110900879
0.03858590126037598
0.03830146789550781
0.03929257392883301
0.03843235969543457
0.03884172439575195
0.03830528259277344
0.03852534294128418
0.04039907455444336
0.041271209716796875
0.03934073448181152
0.038729190826416016
0.04391646385192871
0.0385739803314209
0.03922724723815918
0.038655996322631836
0.04060077667236328
0.03908801078796387
0.03991246223449707
0.03844022750854492
0.038568973541259766
0.038483381271362305
0.03836798667907715
0.03825712203979492
0.03852581977844238
0.04218769073486328
0.04115581512451172
0.03844499588012695
0.0382843017578125
0.038759469985961914
0.03953981399536133
0.03896141052246094
0.038543701171875
0.03861117362976074
0.03844046592712402
0.03840017318725586
0.03957366943359375
0.039157867431640625
0.03908109664916992
0.03861355781555176
0.03853774070739746
0.04149222373962402
0.045226335525512695
0.03883051872253418
0.03870677947998047
0.038224220275878906
0.0398716926574707
0.038616180419921875
0.039203643798828125
0.03844141960144043
0.038681983947753906
0.03870558738708496
0.039029836654663086
0.04255104064941406
0.03937697410583496
0.03871345520019531
0.03924393653869629
0.038156986236572266
0.03932595252990723
0.03850269317626953
0.03918790817260742
0.0386044979095459
0.041774749755859375
0.038498640060424805
0.03891921043395996
0.03853249549865723
0.03812456130981445
0.03857088088989258
0.03871440887451172
0.03922462463378906
0.038726091384887695
0.03952670097351074
0.03857994079589844
0.039252519607543945
0.03870058059692383
0.03890514373779297
0.04213285446166992
0.03868603706359863
0.03930068016052246
0.038516998291015625
0.03816819190979004
0.03843092918395996
0.0386502742767334
0.03814101219177246
0.03910088539123535
0.03871464729309082
0.03828024864196777
0.03951692581176758
0.0393826961517334
0.03927350044250488
0.03862738609313965
0.03819918632507324
0.038591861724853516
0.0387721061706543
0.03926563262939453
0.039362192153930664
0.038770437240600586
0.03839612007141113
0.03833937644958496
0.03836464881896973
0.03862929344177246
0.03911757469177246
0.03949236869812012
0.040448665618896484
0.04329347610473633
0.03848457336425781
0.038272857666015625
0.03924441337585449
0.03939938545227051
0.038896799087524414
0.04437899589538574
0.03908038139343262
0.0388641357421875
0.038385629653930664
0.03949999809265137
0.03816366195678711
0.03864002227783203
0.038578033447265625
0.0393824577331543
0.03907608985900879
0.03843855857849121
0.03994917869567871
0.038353919982910156
0.038971900939941406
0.03870677947998047
0.03856635093688965
0.03849601745605469
0.03958535194396973
0.04111504554748535
0.03864336013793945
0.03961491584777832
0.03845405578613281
0.03845047950744629
0.038360595703125
0.038722991943359375
0.038681745529174805
0.03979611396789551
0.03888964653015137
0.03879094123840332
0.04106926918029785
0.03857779502868652
0.03878164291381836
0.04039621353149414
0.03846430778503418
0.03883004188537598
0.03864145278930664
0.03854203224182129
0.04094552993774414
0.04270625114440918
0.03931117057800293
0.03831839561462402
0.03867745399475098
0.03840446472167969
0.03846168518066406
0.038619279861450195
0.03923797607421875
0.0416414737701416
0.04105877876281738
0.03969407081604004
0.03862595558166504
0.03839755058288574
0.04129910469055176
0.0420680046081543
0.03859210014343262
0.04005551338195801
0.04326939582824707
0.03914928436279297
0.039830684661865234
0.03893613815307617
0.04017281532287598
0.03861522674560547
0.03825807571411133
0.03920245170593262
0.03835463523864746
0.038417816162109375
0.03863334655761719
0.038706064224243164
0.039130210876464844
0.03835558891296387
0.03851652145385742
0.03870797157287598
0.03854966163635254
0.039617300033569336
0.03954291343688965
0.03832435607910156
0.03839588165283203
0.03868675231933594
0.039295196533203125
0.039382219314575195
0.03939008712768555
0.03902387619018555
0.038727521896362305
0.03940224647521973
0.04223155975341797
0.03889322280883789
0.04137992858886719
0.04384970664978027
0.03857851028442383
0.038274526596069336
0.03853344917297363
0.03910493850708008
0.03946638107299805
0.038826942443847656
0.038728952407836914
0.038561105728149414
0.040129661560058594
0.03930950164794922
0.03848552703857422
0.03864026069641113
0.03850126266479492
0.038187265396118164
0.03850746154785156
0.038635969161987305
0.03847861289978027
0.03929305076599121
0.03847241401672363
0.03905224800109863
0.03850412368774414
0.03956460952758789
0.03836822509765625
0.03865337371826172
0.04018259048461914
0.03846120834350586
0.039482831954956055
0.03861212730407715
0.03972363471984863
0.038269996643066406
0.039057254791259766
0.042746782302856445
0.038992881774902344
0.038421630859375
0.038669586181640625
0.03835868835449219
0.03926372528076172
0.038570404052734375
0.03840994834899902
0.040723323822021484
0.04319334030151367
0.0384979248046875
0.03854084014892578
0.04056525230407715
0.03855276107788086
0.038640737533569336
0.03948068618774414
0.03818774223327637
0.038820743560791016
0.03914213180541992
0.03938007354736328
0.03849363327026367
0.03940081596374512
0.03852701187133789
0.03861522674560547
0.038916826248168945
0.038358449935913086
0.03871560096740723
0.03908252716064453
0.04166603088378906
0.038446903228759766
0.03867340087890625
0.0387270450592041
0.0382537841796875
0.03943777084350586
0.03968501091003418
0.039079904556274414
0.0392765998840332
0.039345741271972656
0.038598060607910156
0.04160428047180176
0.044638633728027344
0.03855490684509277
0.03958272933959961
0.038297176361083984
0.03857564926147461
0.03959822654724121
0.04043173789978027
0.03942751884460449
0.038396596908569336
0.0388028621673584
0.03943276405334473
0.03839921951293945
0.03936171531677246
0.040052175521850586
0.03849482536315918
0.03959369659423828
0.03930997848510742
0.0382685661315918
0.03841447830200195
0.03845930099487305
0.038362741470336914
0.038457393646240234
0.039261579513549805
0.0388486385345459
0.04207491874694824
0.03855609893798828
0.03903079032897949
0.038782358169555664
0.03827333450317383
0.03864026069641113
0.03962063789367676
0.03912615776062012
0.03935670852661133
0.03856182098388672
0.03840923309326172
0.03924441337585449
0.03891324996948242
0.03896903991699219
0.041268110275268555
0.04091525077819824
0.03864002227783203
0.03881335258483887
0.04192757606506348
0.03854870796203613
0.03954124450683594
0.03830838203430176
0.03933072090148926
0.0386655330657959
0.04326176643371582
0.03862929344177246
0.0384829044342041
0.039492130279541016
0.04134368896484375
0.04368281364440918
0.03845810890197754
0.03927969932556152
0.03855466842651367
0.03829813003540039
0.03804612159729004
0.038819313049316406
0.038596391677856445
0.03929591178894043
0.03862452507019043
0.04135441780090332
0.040256500244140625
0.03863334655761719
0.04172348976135254
0.03943157196044922
0.03865337371826172
0.038290977478027344
0.038608551025390625
0.038596153259277344
0.038210153579711914
0.038428544998168945
0.03959941864013672
0.0409090518951416
0.039598941802978516
0.039458513259887695
0.04383134841918945
0.038625478744506836
0.03854513168334961
0.038591623306274414
0.03934168815612793
0.03838229179382324
0.03916025161743164
0.03871011734008789
0.03947019577026367
0.03921818733215332
0.038431406021118164
0.03856801986694336
0.03880453109741211
0.03837132453918457
0.040281057357788086
0.03892683982849121
0.0392148494720459
0.03834223747253418
0.038796186447143555
0.03833603858947754
0.039316654205322266
0.03864693641662598
0.03846907615661621
0.0385739803314209
0.038992881774902344
0.03830718994140625
0.03940129280090332
0.039475440979003906
0.03850269317626953
0.038681983947753906
0.03869462013244629
0.03917551040649414
0.03852224349975586
0.03963637351989746
0.03869152069091797
0.03891110420227051
0.03856825828552246
0.03832721710205078
0.038305044174194336
0.039923667907714844
0.038910627365112305
0.039183616638183594
0.038333892822265625
0.038545846939086914
0.038420677185058594
0.039656877517700195
0.03892946243286133
0.040448665618896484
0.038668155670166016
0.03813481330871582
0.03860878944396973
0.0387420654296875
0.03862476348876953
0.0385894775390625
0.038793087005615234
0.03921699523925781
0.03908371925354004
0.03883862495422363
0.04452395439147949
0.038283348083496094
0.038399457931518555
0.03858160972595215
0.038324832916259766
0.03849196434020996
0.03878498077392578
0.0389554500579834
0.03915071487426758
0.03966403007507324
0.03858661651611328
0.03843998908996582
0.04219770431518555
0.04280805587768555
0.03859686851501465
0.03833150863647461
0.03841400146484375
0.03838229179382324
0.03871035575866699
0.04048967361450195
0.041258811950683594
0.03840446472167969
0.03966093063354492
0.03818035125732422
0.03970837593078613
0.03844141960144043
0.03826427459716797
0.039530038833618164
0.038725852966308594
0.03853559494018555
0.03845524787902832
0.03886580467224121
0.03940606117248535
0.03833436965942383
0.0385894775390625
0.041002511978149414
0.03830361366271973
0.03851604461669922
0.03862786293029785
0.03830099105834961
0.03930401802062988
0.03854036331176758
0.03835630416870117
0.038561344146728516
0.03874349594116211
0.042348623275756836
0.0386810302734375
0.03827834129333496
0.038718223571777344
0.038494110107421875
0.03816723823547363
0.038916587829589844
0.03943610191345215
0.039069175720214844
0.0393831729888916
0.03849649429321289
0.03845500946044922
0.039194345474243164
0.03849935531616211
0.03807878494262695
0.03934645652770996
0.03904533386230469
0.038938283920288086
0.04307913780212402
0.03828263282775879
0.03903961181640625
0.03855443000793457
0.03849911689758301
0.038466453552246094
0.039475440979003906
0.03818011283874512
0.03979229927062988
0.03946399688720703
0.03834176063537598
0.038671255111694336
0.03870201110839844
0.039191246032714844
0.03853321075439453
0.039544105529785156
0.03844499588012695
0.03995656967163086
0.039330482482910156
0.03893423080444336
0.03847622871398926
0.039707183837890625
0.03860068321228027
0.039705514907836914
0.041046142578125
0.03841280937194824
0.038011789321899414
0.03980422019958496
0.03865242004394531
0.0385282039642334
0.0400693416595459
0.03870701789855957
0.03917694091796875
0.0393524169921875
0.038518428802490234
0.038346290588378906
0.03881049156188965
0.04278969764709473
0.04297757148742676
0.03936886787414551
0.03985333442687988
0.03853750228881836
0.03838658332824707
0.03838205337524414
0.03946685791015625
0.03835940361022949
0.03900313377380371
0.03854107856750488
0.03828001022338867
0.03866767883300781
0.03860902786254883
0.03818821907043457
0.03843092918395996
0.03928041458129883
0.038434743881225586
0.038416385650634766
0.03952646255493164
0.042359113693237305
0.043148040771484375
0.038443803787231445
0.03917288780212402
0.03848671913146973
0.03857684135437012
0.04047203063964844
0.039223432540893555
0.0383908748626709
0.03903532028198242
0.03935718536376953
0.03833341598510742
0.03888821601867676
0.03948497772216797
0.03827953338623047
0.03859972953796387
0.038896799087524414
0.0382838249206543
0.03864240646362305
0.038253068923950195
0.039106130599975586
0.038635969161987305
0.038478851318359375
0.03851604461669922
0.03861713409423828
0.0386044979095459
0.039691925048828125
0.0383296012878418
0.038784027099609375
0.03856945037841797
0.039127349853515625
0.039444923400878906
0.04110217094421387
0.04138302803039551
0.03856062889099121
0.03967881202697754
0.03920412063598633
0.039259910583496094
0.03967022895812988
0.0394136905670166
0.038292646408081055
0.03997230529785156
0.03852248191833496
0.038396596908569336
0.03940224647521973
0.03858685493469238
0.038359642028808594
0.039713382720947266
0.038628578186035156
0.038376569747924805
0.038553476333618164
0.03854823112487793
0.03972578048706055
0.03947019577026367
0.0383913516998291
0.03862500190734863
0.039690494537353516
0.041666269302368164
0.03937697410583496
0.038780927658081055
0.038655996322631836
0.0384061336517334
0.03963065147399902
0.03852581977844238
0.03920388221740723
0.03833818435668945
0.03870081901550293
0.038518428802490234
0.03867650032043457
0.038588523864746094
0.03918743133544922
0.03924822807312012
0.03950667381286621
0.038289546966552734
0.03841423988342285
0.038751840591430664
0.03818869590759277
0.038576602935791016
0.03876090049743652
0.03840947151184082
0.038646697998046875
0.03945732116699219
0.03822588920593262
0.03872871398925781
0.0384671688079834
0.039438724517822266
0.03837704658508301
0.03871321678161621
0.041368961334228516
0.04413628578186035
0.03854656219482422
0.038376808166503906
0.03886866569519043
0.04401969909667969
0.038556575775146484
0.03880453109741211
0.041376590728759766
0.04178118705749512
0.03887653350830078
0.038822174072265625
0.04191875457763672
0.03842806816101074
0.03862929344177246
0.03880906105041504
0.03858685493469238
0.038611412048339844
0.039740562438964844
0.038617849349975586
0.0385286808013916
0.03957486152648926
0.03941941261291504
0.0384676456451416
0.039307355880737305
0.039457082748413086
0.03920865058898926
0.0384981632232666
0.03868436813354492
0.038247108459472656
0.039820194244384766
0.03859758377075195
0.03838801383972168
0.03861117362976074
0.03889298439025879
0.03840231895446777
0.038881540298461914
0.0386509895324707
0.042311668395996094
0.03857111930847168
0.03943037986755371
0.03857111930847168
0.03847241401672363
0.03947138786315918
0.03845667839050293
0.03947091102600098
0.04108595848083496
0.042196035385131836
0.03875136375427246
0.03863978385925293
0.038458824157714844
0.0394437313079834
0.038559675216674805
0.03846549987792969
0.0385127067565918
0.0395808219909668
0.03837847709655762
0.03843522071838379
0.039516448974609375
0.038266658782958984
0.039769887924194336
0.038431644439697266
0.038544416427612305
0.03848528861999512
0.03866887092590332
0.03937077522277832
0.03885221481323242
0.0393221378326416
0.039064645767211914
0.03858065605163574
0.0390927791595459
0.04454517364501953
0.038720130920410156
0.03867387771606445
0.041489601135253906
0.03872537612915039
0.03888249397277832
0.04189920425415039
0.03853774070739746
0.04147839546203613
0.04173016548156738
0.038683176040649414
0.040038108825683594
0.03841423988342285
0.03966498374938965
0.039522647857666016
0.03897571563720703
0.039916276931762695
0.03859710693359375
0.03857994079589844
0.03934168815612793
0.038663625717163086
0.03865480422973633
0.0389704704284668
0.03825044631958008
0.03905129432678223
0.03869962692260742
0.03828287124633789
0.03876543045043945
0.03974151611328125
0.04362893104553223
0.038609981536865234
0.03898215293884277
0.042066335678100586
0.03857922554016113
0.03876972198486328
0.038655996322631836
0.03831672668457031
0.03929877281188965
0.038742780685424805
0.038385868072509766
0.03964734077453613
0.038756608963012695
0.040113210678100586
0.03850579261779785
0.040409088134765625
0.03964805603027344
0.03927254676818848
0.04032564163208008
0.03864336013793945
0.03830361366271973
0.038541316986083984
0.03861689567565918
0.03830766677856445
0.038744449615478516
0.03852534294128418
0.039162635803222656
0.038659095764160156
0.043467044830322266
0.04104042053222656
0.038743019104003906
0.03873085975646973
0.041841983795166016
0.03938913345336914
0.03856325149536133
0.03921175003051758
0.0386958122253418
0.03942680358886719
0.038416147232055664
0.03883004188537598
0.041857004165649414
0.038251399993896484
0.03975272178649902
0.03953695297241211
0.03824973106384277
0.038675546646118164
0.0398869514465332
0.0443120002746582
0.04015398025512695
0.038950443267822266
0.03828597068786621
0.03852081298828125
0.03877830505371094
0.03860306739807129
0.03878331184387207
0.03899431228637695
0.038944244384765625
0.0384066104888916
0.03940320014953613
0.03929400444030762
0.03828930854797363
0.038628339767456055
0.039520263671875
0.03842949867248535
0.03847765922546387
0.04295516014099121
0.03917074203491211
0.039571285247802734
0.03853726387023926
0.03829813003540039
0.038543701171875
0.03863883018493652
0.03928709030151367
0.03847455978393555
0.03863358497619629
0.03949546813964844
0.03928017616271973
0.038527727127075195
0.03828835487365723
0.03948569297790527
0.03901052474975586
0.03870081901550293
0.03924155235290527
0.03872942924499512
0.03882145881652832
0.042543649673461914
0.03934454917907715
0.038765668869018555
0.0386958122253418
0.038326263427734375
0.03861856460571289
0.0387575626373291
0.03916120529174805
0.03850984573364258
0.03891730308532715
0.03835558891296387
0.03964114189147949
0.03942465782165527
0.03869199752807617
0.03971409797668457
0.038491010665893555
0.038443565368652344
0.03983759880065918
0.038245439529418945
0.03860878944396973
0.0399019718170166
0.04204916954040527
0.03867626190185547
0.03948831558227539
0.038402557373046875
0.03862404823303223
0.03868269920349121
0.03829789161682129
0.039337873458862305
0.03878164291381836
0.03833365440368652
0.03886556625366211
0.03954744338989258
0.03834795951843262
0.038718461990356445
0.03866982460021973
0.03933215141296387
0.0386660099029541
0.0388646125793457
0.03952622413635254
0.039038658142089844
0.03860282897949219
0.03844618797302246
0.03879690170288086
0.04089784622192383
0.03945446014404297
0.03946423530578613
0.03988337516784668
0.03910064697265625
0.03864645957946777
0.03945159912109375
0.03955698013305664
0.038285255432128906
0.040058135986328125
0.03977537155151367
0.0383603572845459
0.0393979549407959
0.038681745529174805
0.038700103759765625
0.038831472396850586
0.039186716079711914
0.03842639923095703
0.03861379623413086
0.038465261459350586
0.03875613212585449
0.03873872756958008
0.04315018653869629
0.038585662841796875
0.03955888748168945
0.03854823112487793
0.038333892822265625
0.03849935531616211
0.039504289627075195
0.03826475143432617
0.03941035270690918
0.03971505165100098
0.03851723670959473
0.038610219955444336
0.03959012031555176
0.03844165802001953
0.04095029830932617
0.0420224666595459
0.040207862854003906
0.03864860534667969
0.03841686248779297
0.03928399085998535
0.03869295120239258
0.038453102111816406
0.03865981101989746
0.038385868072509766
0.03856325149536133
0.041753530502319336
0.03830766677856445
0.03874969482421875
0.03847765922546387
0.03848862648010254
0.044184207916259766
0.03910231590270996
0.03867363929748535
0.038223981857299805
0.03873109817504883
0.03951215744018555
0.038299560546875
0.03933882713317871
0.038899898529052734
0.03944706916809082
0.038619041442871094
0.0384669303894043
0.04060792922973633
0.04043889045715332
0.039441823959350586
0.03896141052246094
0.039803504943847656
0.03870129585266113
0.03874802589416504
0.045859575271606445
0.038695573806762695
0.042825937271118164
0.04275012016296387
0.038649559020996094
0.038544654846191406
0.038602352142333984
0.03840065002441406
0.038671255111694336
0.038796186447143555
0.03934884071350098
0.041965484619140625
0.04549860954284668
0.03868913650512695
0.038608551025390625
0.03835868835449219
0.03902125358581543
0.03863048553466797
0.041651010513305664
0.03846287727355957
0.03847765922546387
0.039728641510009766
0.03916430473327637
0.03882455825805664
0.03875541687011719
0.03830695152282715
0.03852391242980957
0.038781166076660156
0.03843426704406738
0.038715362548828125
0.039328575134277344
0.038500308990478516
0.039495229721069336
0.04266548156738281
0.03865838050842285
0.03983139991760254
0.04265594482421875
0.039322614669799805
0.041639089584350586
0.03827166557312012
0.03900313377380371
0.03969311714172363
0.03818559646606445
0.03905177116394043
0.03881978988647461
0.03845071792602539
0.038651227951049805
0.04149150848388672
0.0386958122253418
0.038445234298706055
0.039114952087402344
0.03925943374633789
0.03853464126586914
0.039327144622802734
0.03935575485229492
0.03825569152832031
0.03855633735656738
0.038779497146606445
0.03841757774353027
0.03879284858703613
0.03965330123901367
0.038413047790527344
0.042520999908447266
0.043914794921875
0.03850674629211426
0.039710044860839844
0.04375123977661133
0.03928041458129883
0.03880953788757324
0.03882122039794922
0.03910946846008301
0.03942298889160156
0.039521217346191406
0.039774179458618164
0.041094064712524414
0.042643070220947266
0.0396122932434082
0.03869485855102539
0.03913378715515137
0.03863239288330078
0.038632869720458984
0.0397343635559082
0.04006004333496094
0.038704872131347656
0.0427398681640625
0.039370059967041016
0.03944730758666992
0.03878450393676758
0.03931260108947754
0.041184425354003906
0.039385318756103516
0.03941202163696289
0.04102492332458496
0.03830218315124512
0.03953266143798828
0.03866076469421387
0.038275957107543945
0.03855156898498535
0.038637638092041016
0.03902077674865723
0.03933548927307129
0.03939390182495117
0.03912997245788574
0.03920173645019531
0.03930497169494629
0.03913521766662598
0.03909111022949219
0.039403676986694336
0.038728952407836914
0.038598060607910156
0.03829073905944824
0.038613319396972656
0.03963637351989746
0.038942575454711914
0.03851962089538574
0.038594961166381836
0.0383296012878418
0.0387728214263916
0.04239249229431152
0.03873395919799805
0.03852224349975586
0.03886914253234863
0.039711713790893555
0.039040565490722656
0.03959941864013672
0.039450883865356445
0.03817009925842285
0.0384521484375
0.03887462615966797
0.0395197868347168
0.0383913516998291
0.038695335388183594
0.038564205169677734
0.038427114486694336
0.03937125205993652
0.03877401351928711
0.0392146110534668
0.03940868377685547
0.04008841514587402
0.03873944282531738
0.03836369514465332
0.04068160057067871
0.03928327560424805
0.0383450984954834
0.03915286064147949
0.0386960506439209
0.039194583892822266
0.0390019416809082
0.038842201232910156
0.0393369197845459
0.0384068489074707
0.03933858871459961
0.03820443153381348
0.03856062889099121
0.04041099548339844
0.03957676887512207
0.03872084617614746
0.03838682174682617
0.03891730308532715
0.03843855857849121
0.039055585861206055
0.03891301155090332
0.038558006286621094
0.03993654251098633
0.03834271430969238
0.03876233100891113
0.038730621337890625
0.038503170013427734
0.04005599021911621
0.03874707221984863
0.03851628303527832
0.03877115249633789
0.041758060455322266
0.04111599922180176
0.03881692886352539
0.04148125648498535
0.04193615913391113
0.03862881660461426
0.03858160972595215
0.03901219367980957
0.038689374923706055
0.03885316848754883
0.03859138488769531
0.039626359939575195
0.03885531425476074
0.03832197189331055
0.03870797157287598
0.03867292404174805
0.03844022750854492
0.039038658142089844
0.039676666259765625
0.0392148494720459
0.0397031307220459
0.039183855056762695
0.0394291877746582
0.041425228118896484
0.03922152519226074
0.039299726486206055
0.03863692283630371
0.039086341857910156
0.03920459747314453
0.038555145263671875
0.03860020637512207
0.040761470794677734
0.0440821647644043
0.03923916816711426
0.03876137733459473
0.03870511054992676
0.042693138122558594
0.038861989974975586
0.041220903396606445
0.044950246810913086
0.038640737533569336
0.03881049156188965
0.04320693016052246
0.038744449615478516
0.03922295570373535
0.03848075866699219
0.03960680961608887
0.038814544677734375
0.03924298286437988
0.04167914390563965
0.03831076622009277
0.03851652145385742
0.038958072662353516
0.04085803031921387
0.03945279121398926
0.041010379791259766
0.041823625564575195
0.03855180740356445
0.03936147689819336
0.03871440887451172
0.038500070571899414
0.04043006896972656
0.039430856704711914
0.038665771484375
0.0406646728515625
0.03887319564819336
0.0385441780090332
0.03914523124694824
0.04001259803771973
0.03954505920410156
0.03905463218688965
0.03847217559814453
0.03873610496520996
0.03836178779602051
0.03873085975646973
0.03886556625366211
0.038343191146850586
0.0386967658996582
0.03889346122741699
0.038323163986206055
0.03867983818054199
0.038784027099609375
0.03827929496765137
0.03856992721557617
0.038695335388183594
0.03911542892456055
0.039067983627319336
0.03867506980895996
0.039363861083984375
0.03872251510620117
0.03917074203491211
0.0389711856842041
0.03864860534667969
0.03832721710205078
0.03940176963806152
0.038602590560913086
0.038349151611328125
0.03950095176696777
0.03936934471130371
0.03827786445617676
0.038815975189208984
0.04088020324707031
0.04436182975769043
0.038640737533569336
0.03954744338989258
0.03826284408569336
0.03803253173828125
0.0387723445892334
0.039490699768066406
0.038422584533691406
0.039681196212768555
0.03882002830505371
0.03833317756652832
0.038541555404663086
0.0386500358581543
0.03837180137634277
0.038790225982666016
0.03871440887451172
0.03830385208129883
0.039150238037109375
0.03835105895996094
0.03870582580566406
0.04249119758605957
0.043859004974365234
0.038260459899902344
0.03871870040893555
0.0384213924407959
0.038535118103027344
0.03939104080200195
0.038710832595825195
0.03851938247680664
0.038289546966552734
0.038323402404785156
0.03859663009643555
0.03870820999145508
0.04229903221130371
0.03855133056640625
0.03843855857849121
0.038735151290893555
0.0391998291015625
0.039461612701416016
0.039681196212768555
0.04253244400024414
0.04338216781616211
0.03835129737854004
0.03848147392272949
0.03876662254333496
0.037992000579833984
0.03871798515319824
0.03841376304626465
0.04021477699279785
0.03838396072387695
0.038735151290893555
0.041939735412597656
0.044733524322509766
0.039446115493774414
0.03894662857055664
0.03868842124938965
0.039820194244384766
0.03884625434875488
0.04251360893249512
0.03876495361328125
0.03847098350524902
0.03946685791015625
0.03938031196594238
0.04085588455200195
0.04451107978820801
0.0385746955871582
0.03837776184082031
0.039389848709106445
0.03914332389831543
0.03845524787902832
0.03857684135437012
0.038247108459472656
0.038681983947753906
0.04133772850036621
0.04105019569396973
0.03859710693359375
0.03934431076049805
0.03957509994506836
0.03867006301879883
0.04141831398010254
0.04421734809875488
0.039777278900146484
0.038678884506225586
0.03839850425720215
0.040323734283447266
0.03874707221984863
0.038542747497558594
0.039452552795410156
0.044136762619018555
0.03870534896850586
0.040047407150268555
0.03967094421386719
0.03856086730957031
0.038390159606933594
0.039498090744018555
0.03834652900695801
0.038222312927246094
0.03856372833251953
0.03848004341125488
0.04131817817687988
0.03821706771850586
0.0386509895324707
0.03809237480163574
0.03853273391723633
0.038288116455078125
0.0389406681060791
0.0385589599609375
0.038579702377319336
0.03844809532165527
0.038591861724853516
0.03866410255432129
0.03878450393676758
0.04230809211730957
0.03878450393676758
0.038995981216430664
0.03937101364135742
0.03818678855895996
0.03963828086853027
0.0386958122253418
0.03943181037902832
0.039688825607299805
0.0397491455078125
0.03839921951293945
0.03897690773010254
0.038419485092163086
0.038665771484375
0.0387272834777832
0.03881406784057617
0.03953194618225098
0.038277387619018555
0.038611412048339844
0.0446164608001709
0.03865456581115723
0.03871870040893555
0.0391693115234375
0.039556026458740234
0.03945517539978027
0.03873610496520996
0.039049386978149414
0.0387728214263916
0.03879570960998535
0.03897881507873535
0.03911113739013672
0.03958559036254883
0.038384199142456055
0.03882718086242676
0.038600921630859375
0.039803504943847656
0.03943228721618652
0.038832902908325195
0.038873910903930664
0.03903365135192871
0.039433956146240234
0.03968071937561035
0.03857755661010742
0.03856921195983887
0.03866076469421387
0.03879523277282715
0.039377689361572266
0.038324594497680664
0.038828372955322266
0.038721323013305664
0.03865170478820801
0.039398193359375
0.038617849349975586
0.03852343559265137
0.039600372314453125
0.0395352840423584
0.03978681564331055
0.038449764251708984
0.039737701416015625
0.03968358039855957
0.042006492614746094
0.0398259162902832
0.039429664611816406
0.03886771202087402
0.03936910629272461
0.03863358497619629
0.039722442626953125
0.03843283653259277
0.0388178825378418
0.03876042366027832
0.03853034973144531
0.03896594047546387
0.039243221282958984
0.0387113094329834
0.038576364517211914
0.03875231742858887
0.04071450233459473
0.042723655700683594
0.038802385330200195
0.03980374336242676
0.03943014144897461
0.04109382629394531
0.03891110420227051
0.04322004318237305
0.03879427909851074
0.03841567039489746
0.038796424865722656
0.03930544853210449
0.03822040557861328
0.03980112075805664
0.03919482231140137
0.038858652114868164
0.039472341537475586
0.043384552001953125
0.038732051849365234
0.039322614669799805
0.03891420364379883
0.038170814514160156
0.039054155349731445
0.03974151611328125
0.040412187576293945
0.038869380950927734
0.03989219665527344
0.03876352310180664
0.03903961181640625
0.03889822959899902
0.03963494300842285
0.03877544403076172
0.038374900817871094
0.03867626190185547
0.03896951675415039
0.039305925369262695
0.03897356986999512
0.04056692123413086
0.04147529602050781
0.03868699073791504
0.04004240036010742
0.03874611854553223
0.03884482383728027
0.04015612602233887
0.040073394775390625
0.04048418998718262
0.03879404067993164
0.039527177810668945
0.0395510196685791
0.038455963134765625
0.03884530067443848
0.03879547119140625
0.0387423038482666
0.03879237174987793
0.03899741172790527
0.038571834564208984
0.038634538650512695
0.03981590270996094
0.03854966163635254
0.03886151313781738
0.038854122161865234
0.03876137733459473
0.041550636291503906
0.04503464698791504
0.03893160820007324
0.03958606719970703
0.04331612586975098
0.038806915283203125
0.03884434700012207
0.038944244384765625
0.03909111022949219
0.03888988494873047
0.03863072395324707
0.03972506523132324
0.039016008377075195
0.04170989990234375
0.03958249092102051
0.04046773910522461
0.038718461990356445
0.039476633071899414
0.04144859313964844
0.04498553276062012
0.03961300849914551
0.04120779037475586
0.03950047492980957
0.03930974006652832
0.03974556922912598
0.03866910934448242
0.03870654106140137
0.040665388107299805
0.04465198516845703
0.03882288932800293
0.039311885833740234
0.04301285743713379
0.03883242607116699
0.03988170623779297
0.03844761848449707
0.04008626937866211
0.03891491889953613
0.03920459747314453
0.03866839408874512
0.03888344764709473
0.03930091857910156
0.039014577865600586
0.04101681709289551
0.045278072357177734
0.03977370262145996
0.03915882110595703
0.04304337501525879
0.038725852966308594
0.03849530220031738
0.03879261016845703
0.03843045234680176
0.03869175910949707
0.039608001708984375
0.03926229476928711
0.03961896896362305
0.03877568244934082
0.03866839408874512
0.0394132137298584
0.03867912292480469
0.039272308349609375
0.04119992256164551
0.03954577445983887
0.03879737854003906
0.041852712631225586
0.04395437240600586
0.04005932807922363
0.038915157318115234
0.03943276405334473
0.03949475288391113
0.03842926025390625
0.04430437088012695
0.038516998291015625
0.0405728816986084
0.0394434928894043
0.039164066314697266
0.03976798057556152
0.0387730598449707
0.03841710090637207
0.03849911689758301
0.03870677947998047
0.038485050201416016
0.03979372978210449
0.038271427154541016
0.03847861289978027
0.03899526596069336
0.03969860076904297
0.03852581977844238
0.03851747512817383
0.038564443588256836
0.045978546142578125
0.03827929496765137
0.0394129753112793
0.038522958755493164
0.03956294059753418
0.038388967514038086
0.0383150577545166
0.039829254150390625
0.038665771484375
0.038500070571899414
0.0393214225769043
0.0386655330657959
0.03902935981750488
0.03967094421386719
0.042151451110839844
0.04257464408874512
0.039493560791015625
0.038646697998046875
0.03871917724609375
0.038561105728149414
0.038712501525878906
0.03907418251037598
0.03851747512817383
0.03871011734008789
0.03843355178833008
0.03945612907409668
0.038692474365234375
0.038547515869140625
0.03937554359436035
0.039467573165893555
0.03874564170837402
0.03872036933898926
0.0395207405090332
0.038443565368652344
0.0386199951171875
0.0385136604309082
0.03829622268676758
0.039472341537475586
0.038482666015625
0.03895401954650879
0.04170942306518555
0.03875136375427246
0.03897833824157715
0.03837895393371582
0.038762807846069336
0.038883209228515625
0.0384221076965332
0.03879976272583008
0.03980255126953125
0.03839898109436035
0.03890419006347656
0.03857254981994629
0.038263797760009766
0.038816213607788086
0.04084181785583496
0.04387164115905762
0.03842496871948242
0.039678335189819336
0.03914833068847656
0.03905940055847168
0.03955221176147461
0.039551734924316406
0.0400843620300293
0.04033970832824707
0.038852691650390625
0.03959083557128906
0.03918576240539551
0.03941679000854492
0.03917407989501953
0.03975319862365723
0.03901982307434082
0.04071784019470215
0.03853034973144531
0.038111209869384766
0.03812050819396973
0.037906646728515625
0.04075479507446289
0.0381159782409668
0.03853797912597656
0.03780364990234375
0.038854360580444336
0.039134979248046875
0.03775763511657715
0.03975987434387207
0.03817296028137207
0.03814291954040527
0.040841102600097656
0.038100242614746094
0.03892111778259277
0.04188132286071777
0.04409360885620117
0.038866519927978516
0.03812599182128906
0.04346203804016113
0.03802895545959473
0.038312673568725586
0.04080533981323242
0.03905463218688965
0.0380702018737793
0.03926348686218262
0.039193153381347656
0.03780364990234375
0.039147377014160156
0.03822493553161621
0.03868746757507324
0.0381624698638916
0.03927302360534668
0.03880429267883301
0.037912845611572266
0.039139509201049805
0.03782773017883301
0.03920125961303711
0.03986096382141113
0.04461836814880371
0.03892636299133301
0.03841900825500488
0.04142189025878906
0.039064884185791016
0.040074825286865234
0.03804636001586914
0.038271427154541016
0.04029655456542969
0.03898763656616211
0.03873014450073242
0.03870534896850586
0.038301706314086914
0.037880659103393555
0.038924217224121094
0.038350820541381836
0.03800559043884277
0.03886222839355469
0.038309574127197266
0.037860870361328125
0.03925466537475586
0.03841114044189453
0.03873038291931152
0.038489341735839844
0.04006695747375488
0.03824448585510254
0.03792071342468262
0.0391385555267334
0.03818845748901367
0.0379483699798584
0.03891324996948242
0.0391230583190918
0.037903785705566406
0.03813314437866211
0.0386052131652832
0.04088568687438965
0.03822922706604004
0.03952598571777344
0.03917717933654785
0.03894758224487305
0.038405418395996094
0.03802371025085449
0.040045738220214844
0.03916621208190918
0.0379338264465332
0.0388484001159668
0.038175344467163086
0.03882193565368652
0.03795480728149414
0.03791618347167969
0.0383913516998291
0.037807464599609375
0.038614511489868164
0.03821611404418945
0.037995100021362305
0.03931593894958496
0.03916525840759277
0.038042306900024414
0.039412498474121094
0.041875362396240234
0.03890180587768555
0.03941154479980469
0.03840065002441406
0.03799629211425781
0.039778709411621094
0.039083003997802734
0.037982940673828125
0.03994250297546387
0.03824305534362793
0.03794097900390625
0.03885006904602051
0.03826332092285156
0.038045644760131836
0.038324594497680664
0.038431644439697266
0.038187265396118164
0.03840160369873047
0.03841972351074219
0.0389246940612793
0.03873753547668457
0.0390629768371582
0.038010358810424805
0.039031982421875
0.03805899620056152
0.038617849349975586
0.03888726234436035
0.039104461669921875
0.039282798767089844
0.03795194625854492
0.03897404670715332
0.03925514221191406
0.03804206848144531
0.03899788856506348
0.039134979248046875
0.03804612159729004
0.039002418518066406
0.03831958770751953
0.03791666030883789
0.039157867431640625
0.03918027877807617
0.03805088996887207
0.03833651542663574
0.03878521919250488
0.0433046817779541
0.03828239440917969
0.039252519607543945
0.0412907600402832
0.045041561126708984
0.0394284725189209
0.038861989974975586
0.03845047950744629
0.038442134857177734
0.0388948917388916
0.03887057304382324
0.039766550064086914
0.038567543029785156
0.03819394111633301
0.03922677040100098
0.03857541084289551
0.044539690017700195
0.040053367614746094
0.03943753242492676
0.038579702377319336
0.039778947830200195
0.04597640037536621
0.03874087333679199
0.04001879692077637
0.03918099403381348
0.038567304611206055
0.042087554931640625
0.038994789123535156
0.04093647003173828
0.03892803192138672
0.041367292404174805
0.0396883487701416
0.03856158256530762
0.03918004035949707
0.03848075866699219
0.038625478744506836
0.039714813232421875
0.038050174713134766
0.04073333740234375
0.04030346870422363
0.04382777214050293
0.03873324394226074
0.03859376907348633
0.04506373405456543
0.03878164291381836
0.03970599174499512
0.03866147994995117
0.03923153877258301
0.03935122489929199
0.03868365287780762
0.03941845893859863
0.039533376693725586
0.03911161422729492
0.03913712501525879
0.039227962493896484
0.03898000717163086
0.03964400291442871
0.03867816925048828
0.03944087028503418
0.042070627212524414
0.038706064224243164
0.03846263885498047
0.03945779800415039
0.04290270805358887
0.038511037826538086
0.03859829902648926
0.03887534141540527
0.03831887245178223
0.03884577751159668
0.03907299041748047
0.03832221031188965
0.03946042060852051
0.03854513168334961
0.040323734283447266
0.039388179779052734
0.03983044624328613
0.03898477554321289
0.0384211540222168
0.039430856704711914
0.03972268104553223
0.038695573806762695
0.038877010345458984
0.03870368003845215
0.03977799415588379
0.03858184814453125
0.03873133659362793
0.038396358489990234
0.03969311714172363
0.03906750679016113
0.03825020790100098
0.03879880905151367
0.03879261016845703
0.03814411163330078
0.038759469985961914
0.03987312316894531
0.04221606254577637
0.03944516181945801
0.038504600524902344
0.038667917251586914
0.0385286808013916
0.03917741775512695
0.04224824905395508
0.038272857666015625
0.039420127868652344
0.03911757469177246
0.040764808654785156
0.039490699768066406
0.03864097595214844
0.03844594955444336
0.0385587215423584
0.0396575927734375
0.04267573356628418
0.038582563400268555
0.041635751724243164
0.03824138641357422
0.03839683532714844
0.038352012634277344
0.03965353965759277
0.03813290596008301
0.039310455322265625
0.039537668228149414
0.03817915916442871
0.038606882095336914
0.03878593444824219
0.039453983306884766
0.0383753776550293
0.0384671688079834
0.03934335708618164
0.03936290740966797
0.04247283935546875
0.04085040092468262
0.03945326805114746
0.0416715145111084
0.03851509094238281
0.039511919021606445
0.03891754150390625
0.03930997848510742
0.03815770149230957
0.03852701187133789
0.0391840934753418
0.039002180099487305
0.04086613655090332
0.03821110725402832
0.03869032859802246
0.038274526596069336
0.03841519355773926
0.03860807418823242
0.03810238838195801
0.03883004188537598
0.038617849349975586
0.03917098045349121
0.038802146911621094
0.03841257095336914
0.03822803497314453
0.03871583938598633
0.0384058952331543
0.039078474044799805
0.03857707977294922
0.03814244270324707
0.03897500038146973
0.03855180740356445
0.0392756462097168
0.040585994720458984
0.03818821907043457
0.039090871810913086
0.03918027877807617
0.03935980796813965
0.03819632530212402
0.038370370864868164
0.03855323791503906
0.03933835029602051
0.038823604583740234
0.03834414482116699
0.03924417495727539
0.039328575134277344
0.03826427459716797
0.041213035583496094
0.03843092918395996
0.03883075714111328
0.039479970932006836
0.03911590576171875
0.03932809829711914
0.03865957260131836
0.03874564170837402
0.03810930252075195
0.03940272331237793
0.03856348991394043
0.03833293914794922
0.03829789161682129
0.03874516487121582
0.03906393051147461
0.03949785232543945
0.03871774673461914
0.04311347007751465
0.03931570053100586
0.03981733322143555
0.038330793380737305
0.038440704345703125
0.0408015251159668
0.038814544677734375
0.03844642639160156
0.03898501396179199
0.0391538143157959
0.03830146789550781
0.039225101470947266
0.03854942321777344
0.03835344314575195
0.038294315338134766
0.038735389709472656
0.03964877128601074
0.038605690002441406
0.03860354423522949
0.03864574432373047
0.03825664520263672
0.03901958465576172
0.03897571563720703
0.038572072982788086
0.03892159461975098
0.03941607475280762
0.039383888244628906
0.041656494140625
0.03857874870300293
0.03910684585571289
0.0391237735748291
0.039139509201049805
0.03850865364074707
0.038507938385009766
0.03847551345825195
0.03869175910949707
0.038321733474731445
0.03839254379272461
0.03956127166748047
0.0386042594909668
0.038556575775146484
0.038664817810058594
0.03937959671020508
0.03852367401123047
0.03883004188537598
0.03844046592712402
0.038210153579711914
0.03856158256530762
0.03920722007751465
0.03813457489013672
0.03856921195983887
0.039392948150634766
0.03858447074890137
0.039411306381225586
0.04218888282775879
0.03861284255981445
0.0387115478515625
0.03877854347229004
0.03853201866149902
0.039061784744262695
0.038631439208984375
0.03921389579772949
0.03956890106201172
0.039504289627075195
0.03834891319274902
0.04000449180603027
0.03876185417175293
0.03844499588012695
0.03865933418273926
0.03958845138549805
0.03932690620422363
0.04068803787231445
0.03934359550476074
0.039472103118896484
0.04158496856689453
0.04218459129333496
0.03943991661071777
0.03953266143798828
0.039560556411743164
0.03899741172790527
0.039901018142700195
0.03847980499267578
0.0387415885925293
0.04012036323547363
0.04477334022521973
0.03873753547668457
0.04164004325866699
0.041588544845581055
0.04003095626831055
0.039351701736450195
0.03881216049194336
0.040381669998168945
0.04423069953918457
0.0393829345703125
0.03860163688659668
0.03847479820251465
0.03873324394226074
0.03943204879760742
0.03877139091491699
0.03847551345825195
0.03954005241394043
0.03862953186035156
0.03961467742919922
0.03932547569274902
0.03881525993347168
0.04233860969543457
0.03854775428771973
0.03969764709472656
0.03984999656677246
0.038350582122802734
0.03941488265991211
0.03847217559814453
0.03857684135437012
0.038884639739990234
0.03883552551269531
0.03842043876647949
0.03944730758666992
0.03879666328430176
0.03852963447570801
0.039620161056518555
0.039043426513671875
0.04290151596069336
0.03888392448425293
0.04042959213256836
0.038796186447143555
0.0399165153503418
0.04038381576538086
0.044747352600097656
0.039333343505859375
0.03898978233337402
0.03900718688964844
0.03966021537780762
0.039270877838134766
0.0388486385345459
0.038495540618896484
0.038727760314941406
0.038680315017700195
0.03882122039794922
0.03895306587219238
0.03921341896057129
0.03878951072692871
0.03896307945251465
0.03855752944946289
0.0404207706451416
0.03952527046203613
0.0383298397064209
0.03955817222595215
0.038411617279052734
0.03956341743469238
0.0386052131652832
0.03843975067138672
0.039641380310058594
0.039544105529785156
0.03824424743652344
0.040186166763305664
0.03937983512878418
0.038382530212402344
0.03931760787963867
0.03862810134887695
0.03834176063537598
0.03873419761657715
0.03954768180847168
0.039881229400634766
0.03962874412536621
0.03909492492675781
0.03904151916503906
0.0385439395904541
0.03917217254638672
0.039099693298339844
0.03976106643676758
0.03993630409240723
0.03976178169250488
0.038372039794921875
0.039179086685180664
0.0388340950012207
0.03929257392883301
0.04172945022583008
0.044619083404541016
0.0393369197845459
0.03978371620178223
0.038598060607910156
0.03934502601623535
0.03973650932312012
0.04170942306518555
0.04406285285949707
0.038773536682128906
0.039804935455322266
0.039145708084106445
0.04007887840270996
0.03988838195800781
0.03901076316833496
0.0395662784576416
0.0384066104888916
0.03881716728210449
0.03843212127685547
0.039553165435791016
0.0395050048828125
0.0384061336517334
0.03890228271484375
0.03891491889953613
0.03859424591064453
0.0395810604095459
0.03873443603515625
0.03859519958496094
0.03962278366088867
0.03884148597717285
0.04295754432678223
0.03949546813964844
0.039160728454589844
0.042479515075683594
0.03937506675720215
0.038309335708618164
0.04042506217956543
0.03918576240539551
0.03865551948547363
0.03900027275085449
0.04294633865356445
0.038741350173950195
0.0388789176940918
0.03868699073791504
0.039541006088256836
0.04034280776977539
0.042650699615478516
0.04300999641418457
0.03853201866149902
0.03844594955444336
0.039750099182128906
0.03959059715270996
0.038514137268066406
0.03924894332885742
0.03871321678161621
0.03936028480529785
0.03942680358886719
0.038550615310668945
0.03848123550415039
0.03875017166137695
0.03935956954956055
0.03850388526916504
0.03881335258483887
0.03846907615661621
0.03868722915649414
0.03913688659667969
0.03930330276489258
0.03857779502868652
0.03843069076538086
0.03888392448425293
0.03860020637512207
0.038519859313964844
0.0391995906829834
0.03832077980041504
0.03840804100036621
0.0420987606048584
0.038353681564331055
0.038625478744506836
0.038710832595825195
0.03898453712463379
0.038663387298583984
0.0393834114074707
0.03857159614562988
0.03854537010192871
0.03926682472229004
0.03922867774963379
0.03875446319580078
0.038300514221191406
0.03960990905761719
0.038805484771728516
0.03850865364074707
0.03858160972595215
0.038847923278808594
0.03857612609863281
0.03870844841003418
0.03864765167236328
0.03935670852661133
0.03944206237792969
0.03979969024658203
0.0385432243347168
0.03867697715759277
0.03978300094604492
0.03878426551818848
0.038622140884399414
0.03965568542480469
0.04465889930725098
0.03927969932556152
0.03937172889709473
0.0390622615814209
0.03936290740966797
0.038542747497558594
0.04017353057861328
0.038503170013427734
0.03963589668273926
0.03878927230834961
0.03831005096435547
0.03923988342285156
0.03956747055053711
0.04181718826293945
0.045152902603149414
0.03857588768005371
0.03881978988647461
0.03848004341125488
0.03918051719665527
0.038765668869018555
0.038507699966430664
0.03919839859008789
0.038633108139038086
0.03862595558166504
0.03856039047241211
0.03913545608520508
0.0388336181640625
0.03846478462219238
0.038420677185058594
0.03875398635864258
0.038756608963012695
0.04315543174743652
0.04392051696777344
0.03868436813354492
0.03870797157287598
0.03837919235229492
0.039124250411987305
0.03900599479675293
0.03863859176635742
0.03916192054748535
0.03929758071899414
0.040415287017822266
0.0395808219909668
0.04108786582946777
0.04415154457092285
0.03855180740356445
0.038424015045166016
0.038764238357543945
0.03960466384887695
0.039370059967041016
0.03851628303527832
0.03875422477722168
0.03931856155395508
0.03857564926147461
0.03835439682006836
0.039519548416137695
0.0383760929107666
0.038733482360839844
0.03888726234436035
0.03869962692260742
0.038527727127075195
0.038697004318237305
0.03931760787963867
0.0384976863861084
0.03956890106201172
0.03956294059753418
0.03839826583862305
0.03872799873352051
0.03954648971557617
0.03844809532165527
0.0382382869720459
0.03960895538330078
0.03851795196533203
0.04043316841125488
0.038748741149902344
0.03853774070739746
0.03864455223083496
0.038852691650390625
0.038495779037475586
0.038739919662475586
0.038962364196777344
0.042272090911865234
0.038739919662475586
0.03887629508972168
0.03837132453918457
0.03931927680969238
0.03875112533569336
0.03847217559814453
0.03953719139099121
0.041399478912353516
0.03907203674316406
0.03980755805969238
0.038903236389160156
0.03843331336975098
0.0396270751953125
0.038529157638549805
0.03856801986694336
0.039247989654541016
0.039641380310058594
0.03904080390930176
0.03837156295776367
0.041227102279663086
0.040952444076538086
0.03926253318786621
0.038713693618774414
0.03842568397521973
0.03886771202087402
0.038659095764160156
0.03985309600830078
0.03859281539916992
0.03848767280578613
0.039336204528808594
0.03830409049987793
0.03865623474121094
0.038428306579589844
0.03920125961303711
0.03890538215637207
0.03865647315979004
0.03969144821166992
0.039656639099121094
0.03872871398925781
0.03995966911315918
0.039330482482910156
0.039388418197631836
0.03854966163635254
0.039426326751708984
0.038695573806762695
0.03937411308288574
0.038298845291137695
0.03846025466918945
0.03884124755859375
0.03860116004943848
0.03935551643371582
0.03902173042297363
0.040662527084350586
0.0399174690246582
0.03946089744567871
0.03878903388977051
0.03924274444580078
0.03952193260192871
0.04028058052062988
0.0399172306060791
0.04090428352355957
0.03976893424987793
0.04111838340759277
0.04012298583984375
0.04077720642089844
0.04000401496887207
0.0401310920715332
0.040017127990722656
0.04070901870727539
0.04069399833679199
0.03987860679626465
0.039986371994018555
0.03976559638977051
0.03988003730773926
0.04010605812072754
0.040107011795043945
0.04071855545043945
0.040639400482177734
0.03946232795715332
0.03813457489013672
0.03856348991394043
0.038655996322631836
0.03850436210632324
0.03928422927856445
0.03855705261230469
0.03869462013244629
0.040581703186035156
0.04363250732421875
0.03917574882507324
0.03868269920349121
0.04089832305908203
0.04286599159240723
0.03863334655761719
0.038962364196777344
0.03875899314880371
0.0392608642578125
0.03989720344543457
0.03939986228942871
0.03830265998840332
0.03954815864562988
0.03950810432434082
0.039342403411865234
0.03962230682373047
0.03870248794555664
0.03871726989746094
0.03896808624267578
0.03838920593261719
0.03923201560974121
0.04062485694885254
0.03862714767456055
0.03836464881896973
0.03969311714172363
0.03922271728515625
0.0385744571685791
0.03932619094848633
0.03964424133300781
0.03858351707458496
0.04322361946105957
0.0386652946472168
0.03841114044189453
0.03948163986206055
0.039154767990112305
0.03954648971557617
0.040673255920410156
0.040060997009277344
0.04110240936279297
0.03987598419189453
0.039800167083740234
0.04107165336608887
0.03991341590881348
0.0399627685546875
0.039719343185424805
0.038930654525756836
0.03849673271179199
0.03865671157836914
0.038890838623046875
0.042244911193847656
0.03873562812805176
0.03898811340332031
0.041961669921875
0.03929615020751953
0.0396122932434082
0.03841233253479004
0.03815770149230957
0.04069232940673828
0.03935575485229492
0.03896617889404297
0.03805398941040039
0.03960990905761719
0.03855395317077637
0.03832364082336426
0.03986811637878418
0.03934741020202637
0.03836512565612793
0.0387110710144043
0.038988351821899414
0.039540767669677734
0.03946185111999512
0.041526079177856445
0.04066157341003418
0.03946876525878906
0.03923439979553223
0.03862404823303223
0.03841662406921387
0.03872799873352051
0.04178571701049805
0.04111289978027344
0.039055585861206055
0.03939104080200195
0.03954672813415527
0.03829622268676758
0.0400083065032959
0.038675546646118164
0.03848004341125488
0.038669586181640625
0.03887176513671875
0.03856968879699707
0.03919506072998047
0.0386350154876709
0.03838658332824707
0.038561344146728516
0.03998684883117676
0.03992724418640137
0.038565635681152344
0.039066314697265625
0.03874087333679199
0.039330244064331055
0.04215359687805176
0.0431673526763916
0.03847360610961914
0.03884100914001465
0.03887581825256348
0.039689064025878906
0.0387272834777832
0.038513898849487305
0.03849363327026367
0.03821516036987305
0.03891634941101074
0.04393815994262695
0.038619041442871094
0.03879046440124512
0.03953862190246582
0.03879141807556152
0.03859543800354004
0.039723873138427734
0.04274797439575195
0.03861403465270996
0.04107546806335449
0.04125332832336426
0.04024624824523926
0.039455413818359375
0.03821086883544922
0.03847002983093262
0.03942441940307617
0.03874707221984863
0.040609121322631836
0.03850364685058594
0.03889870643615723
0.038249969482421875
0.039308786392211914
0.03865218162536621
0.03830409049987793
0.03938150405883789
0.039550065994262695
0.04110312461853027
0.044269561767578125
0.03858613967895508
0.039083242416381836
0.03899073600769043
0.03835868835449219
0.03912615776062012
0.03885197639465332
0.039338111877441406
0.039495229721069336
0.03895211219787598
0.0444951057434082
0.03834128379821777
0.039276838302612305
0.03870582580566406
0.039293766021728516
0.0420534610748291
0.04342031478881836
0.03848004341125488
0.03915762901306152
0.03932523727416992
0.038353919982910156
0.038976430892944336
0.03909587860107422
0.0393834114074707
0.039565086364746094
0.03831601142883301
0.03916597366333008
0.03990769386291504
0.03847551345825195
0.03861880302429199
0.0389251708984375
0.03960394859313965
0.039826393127441406
0.03836560249328613
0.03979015350341797
0.039475202560424805
